730,
1174180,
578080,
1091500,
2669320,
2767030,
271590,
1295660,
2384580,
570,
2246340,
2344520,
2634950,
2909400,
1771300,
230410,
252490,
236390,
1551360,
1547000,
2358720,
1203220,
1623730,
1874880,
359550,
1172470,
1086940,
3287520,
1462040,
2668510,
394360,
2183900,
2878980,
1158310,
292030,
782330,
1245620,
281990,
2527500,
2139460,
264710,
12210,
1363080,
2933620,
619820,
294100,
2679460,
306130,
3058630,
108600,
739630,
774171,
1222140,
2916430,
552990,
582660,
1260320,
381210,
1326470,
1466860,
2161700,
227300,
594650,
1962663,
1660080,
1133870,
2300320,
413150,
1966720,
2379780,
1222670,
2273430,
2074920,
3017860,
1144200,
427520,
1687950,
686810,
1203620,
813780,
236850,
3159330,
1426450,
848450,
881020,
648800,
779340,
2537590,
2820820,
107410,
3097560,
703080,
1934680,
835570,
1407200,
2725260,
2399830,
1465360,
1085660,
2890830,
2208920,
812140,
284160,
12200,
2231380,
440,
2677660,
1063730,
3035570,
323190,
2169200,
976730,
1169040,
1142710,
477160,
1245480,
1049590,
2832330,
2408820,
379720,
1790600,
1151340,
400750,
526870,
2072450,
2668080,
1643320,
1627720,
2622000,
2698940,
2437170,
934700,
346110,
1601580,
1172620,
1244460,
518790,
250900,
444200,
529340,
2349820,
221100,
1364780,
1527950,
1426210,
266410,
1973530,
2141730,
489830,
105600,
2357570,
1604030,
949230,
1369670,
4000,
2995920,
2073850,
2567870,
588650,
1361210,
1943950,
204100,
2221490,
438100,
1286830,
2406770,
460930,
582160,
1611600,
2103130,
1282270,
1902690,
270880,
214950,
1284190,
2290180,
892970,
2808930,
1575940,
322330,
466560,
1289670,
1385380,
646570,
1190000,
613100,
1875830,
1435790,
242050,
1659040,
1501750,
1971870,
2881650,
1124300,
2854740,
251570,
440900,
1677280,
218620,
304390,
1149460,
668580,
3107230,
242760,
244210,
767560,
1336490,
1063420,
2426960,
1217060,
379430,
1476970,
1325200,
282070,
3319980,
990080,
632360,
1284210,
880940,
2239150,
2198150,
289070,
962130,
447040,
255710,
2780980,
975370,
1401590,
582010,
644930,
1562430,
1250410,
427290,
110800,
1145350,
550,
1243830,
3070070,
1272320,
753640,
2835570,
1057090,
1272080,
2138710,
552500,
3112260,
1761390,
2399420,
2294660,
3121110,
1812450,
286160,
2140020,
933110,
493520,
261550,
393380,
2375550,
1040200,
985810,
2530980,
1903340,
2280,
2764370,
392110,
3061810,
945360,
391220,
620980,
2878420,
1888930,
2515020,
704850,
3077020,
2698780,
2644470,
1465460,
1063660,
960090,
2582560,
919640,
289650,
311210,
2050650,
1336980,
391540,
2016590,
602960,
1969870,
1190970,
814380,
622650,
377160,
1442430,
2670630,
1942280,
1911610,
550470,
305620,
2683150,
1973710,
2440510,
872410,
1129580,
2754380,
268910,
567640,
1937780,
2909110,
2186680,
333640,
289130,
2288150,
2903950,
805550,
2457220,
2707930,
1621690,
1533390,
2513280,
1669000,
1778820,
1304930,
766570,
1240440,
1657630,
784080,
548430,
2933130,
412020,
1144400,
1286220,
2103140,
761890,
208200,
374320,
2545360,
2445690,
1703340,
2479810,
1332010,
1997040,
2058190,
621830,
8500,
1817070,
1229490,
278080,
2688950,
1290000,
1857090,
275850,
2897760,
1273400,
1868140,
2963880,
597180,
2438680,
1794680,
231430,
427410,
410900,
2696050,
376210,
386070,
838380,
1809540,
728880,
380600,
291550,
2252570,
325610,
367520,
1486920,
750920,
1248130,
1235140,
2259260,
1929610,
494840,
2208570,
3066570,
2009350,
223750,
2518630,
516750,
1313140,
1845910,
1605220,
307960,
1113000,
2001120,
1676840,
1699480,
1231560,
1888160,
2695940,
638970,
1641960,
546560,
232890,
2488620,
629730,
2519060,
534380,
1818450,
285900,
457140,
508440,
1451940,
1580790,
1066890,
1377580,
1649080,
831560,
413420,
371660,
2420110,
3146520,
1343400,
1388880,
1206560,
594570,
1948980,
1669980,
2706170,
3156770,
1167630,
1716740,
2967990,
244850,
916440,
413410,
2051620,
363150,
1898300,
436150,
3359320,
493340,
1380910,
1029780,
201270,
233450,
3292260,
1933370,
1643310,
495420,
1468810,
1607680,
219990,
1545560,
2834110,
1948280,
1448440,
2475490,
2552430,
1721470,
1517290,
463530,
2135150,
1159690,
371970,
714010,
488790,
505460,
610370,
1629530,
1509960,
1588010,
2842040,
1274570,
20920,
2186360,
1149620,
1938090,
433340,
246620,
261570,
1029690,
1836730,
1384160,
570940,
768200,
2646460,
1017180,
1493640,
885970,
1258080,
2378910,
2178480,
1805480,
2524890,
2680010,
2461850,
1419850,
1490890,
1416920,
2850190,
1145360,
2772750,
815370,
397540,
2361680,
1150440,
1469610,
239140,
2217000,
1202130,
459220,
1585180,
1849250,
635260,
2770460,
2458860,
2396240,
1222700,
244450,
2142790,
2453060,
756800,
485510,
10500,
799960,
620,
3084280,
2671230,
655500,
2669410,
1583230,
699130,
1931770,
2239550,
1432860,
2920570,
2271930,
1259790,
911400,
410340,
9900,
690830,
1382330,
2054970,
997010,
1875060,
2289720,
1446780,
1702010,
361420,
692890,
1148590,
1097430,
1549250,
1485590,
1147860,
1607250,
2058180,
865360,
1239080,
2880730,
1528540,
269210,
1684350,
212500,
364360,
418240,
2114740,
47890,
2000890,
2211170,
2701660,
927380,
895400,
2000950,
322170,
648580,
1839950,
2217490,
1293820,
962730,
1369630,
368500,
544810,
2353250,
1723780,
1874170,
333420,
1449200,
3199170,
2512560,
2134770,
555950,
1534840,
1099410,
2467810,
859580,
1548850,
1540210,
1062090,
794260,
1324130,
690790,
1817190,
513710,
2333480,
435150,
1672970,
2840770,
285190,
834530,
601050,
930210,
1084160,
24010,
359320,
2899050,
1017900,
365360,
392160,
1566690,
1114150,
1962660,
1824220,
1593500,
49520,
1599600,
34030,
2325290,
2695490,
2321470,
431240,
2080690,
1016920,
48190,
1975580,
2455640,
1238840,
412830,
2421410,
55150,
1611910,
266840,
1682970,
552100,
2647680,
302670,
2768430,
702320,
2071280,
202970,
1331550,
493900,
33230,
1699510,
2315690,
1774580,
213610,
228200,
1176470,
2287330,
1056640,
1282100,
2401230,
1139980,
1121640,
573100,
688420,
2288630,
2366980,
1147560,
1283700,
434170,
2904000,
1629520,
2238040,
2709570,
2356780,
2296550,
3092660,
535930,
1422440,
1995520,
1296610,
1549970,
22380,
1819460,
200210,
304050,
1332720,
3021100,
581320,
252530,
8930,
2254890,
311730,
2280350,
1989270,
1296830,
293760,
386180,
825630,
201870,
872670,
784150,
2407270,
1335200,
1592190,
673750,
2396980,
1088710,
1860510,
2291060,
213670,
1876590,
311560,
1520470,
886250,
1238810,
606150,
1307550,
1259420,
1477590,
2662630,
550320,
386940,
1677740,
1184370,
12130,
1161580,
1180320,
42700,
674940,
1708850,
960170,
232090,
560130,
311290,
573090,
3226870,
1196590,
2976900,
460920,
1237950,
648100,
2525380,
585420,
1210320,
220200,
1299060,
2254740,
1211020,
1879330,
1940340,
203160,
2369390,
251060,
667970,
712100,
1092790,
625960,
4570,
899770,
1182900,
1341200,
1568590,
2279730,
1388590,
476600,
4700,
960910,
2225070,
1084600,
1414850,
1341290,
2739990,
1158160,
2657120,
502520,
1557740,
2162800,
2124120,
1211630,
588030,
2719160,
2807150,
527230,
312520,
1294760,
819030,
1659420,
2962300,
1366540,
568220,
848480,
1985810,
2052410,
2200780,
3361470,
632470,
1987080,
2750080,
2216770,
2495450,
1066780,
1073440,
287450,
3376250,
489630,
2161440,
813230,
330020,
850190,
2570210,
1876890,
262060,
427730,
3263320,
690640,
10180,
611790,
2454570,
230290,
2302660,
1118200,
799600,
1562700,
16900,
1044720,
460790,
2176130,
1001270,
313120,
2460070,
492720,
2111630,
881100,
1013320,
1592280,
552520,
386360,
611670,
2667120,
2591280,
1371980,
939960,
1425000,
1455840,
826630,
1105670,
3139890,
1150690,
965580,
977950,
1065310,
2739590,
221680,
628070,
509980,
341800,
418370,
20900,
2485270,
1022980,
2113920,
459820,
701160,
926990,
470220,
3070520,
588430,
1089980,
824270,
314650,
645630,
1924480,
2692440,
1324340,
1520370,
948740,
1495320,
361280,
10,
1689620,
730310,
571740,
482400,
1588090,
3296790,
1581770,
420530,
1288320,
3004100,
2459550,
1686940,
2014780,
1811950,
1328670,
438040,
1785650,
1641700,
335300,
1105510,
601150,
1706360,
1957780,
837470,
2580130,
2415010,
2346550,
2639100,
387990,
10090,
3590,
1483870,
1164940,
1261040,
883710,
669330,
1041320,
1413480,
273110,
22330,
555160,
240,
1371580,
731040,
1372280,
339610,
451340,
747660,
1128860,
1525700,
15100,
2891040,
233860,
524220,
2706300,
235540,
40970,
211500,
2710480,
1135690,
1295500,
1256670,
208650,
612880,
1105500,
2521380,
1732190,
1222680,
429050,
1934570,
958260,
1939970,
359870,
2429860,
2201940,
979690,
2786680,
627690,
2449710,
268500,
230190,
1895880,
502500,
1030840,
1713350,
1968730,
597170,
359840,
2443630,
1850570,
3204250,
1205970,
2178930,
1954420,
1498570,
1126320,
1451190,
298110,
2178070,
286690,
3155730,
636480,
239030,
1237970,
1458140,
17390,
1061090,
500,
653530,
1043810,
648350,
1849790,
1466640,
2296990,
1830970,
1810820,
477740,
383870,
1277930,
204360,
373930,
1785150,
24200,
1531540,
1350650,
244160,
450540,
322520,
1106840,
1351240,
2366120,
1536090,
2486740,
349040,
2384620,
887570,
424030,
2427700,
900883,
2066020,
1128810,
1119730,
1227890,
291650,
1213210,
3247080,
1550600,
1976440,
400,
1840080,
1922560,
109600,
2849080,
2168680,
2763740,
1953520,
1858630,
383120,
1815780,
2716400,
1771980,
2644610,
1846380,
960990,
2132850,
3164300,
967050,
2304620,
1796790,
1034140,
1105420,
736260,
493490,
1619750,
1623940,
1180380,
3167180,
220,
1373960,
2950340,
242550,
471710,
1295920,
2198510,
1189490,
343780,
3371240,
2828860,
907650,
2844850,
1295510,
559650,
1707990,
427100,
2703850,
2418520,
1554260,
1868180,
1172380,
1651560,
1343370,
362890,
860510,
326360,
1062520,
2986370,
319510,
671860,
1462810,
1419170,
2492040,
1693980,
383150,
2291680,
204880,
1177980,
1262560,
2274200,
2630020,
1809700,
823500,
3334550,
287390,
220240,
719040,
2099110,
1012880,
868360,
1563180,
1850050,
1971650,
1579380,
32470,
1552350,
2331330,
2961880,
1429500,
1140150,
1874000,
1016800,
3228180,
528740,
1309610,
219740,
1377380,
1937500,
2608270,
504230,
1444480,
424840,
1887400,
1316680,
3137110,
1782120,
1191260,
1171690,
211820,
228380,
654890,
1140620,
1556790,
646910,
1454400,
291480,
2021880,
1730910,
282800,
356190,
2976870,
3215170,
895870,
281610,
2163330,
1061910,
2185060,
1225570,
1302240,
464920,
40960,
1178830,
1928980,
248610,
292730,
201810,
677160,
790820,
3016840,
704270,
2307350,
1267910,
324160,
375450,
3265280,
210970,
2362300,
2231450,
2484250,
2593370,
1700870,
2167580,
55230,
1005300,
1850960,
599140,
209000,
2218750,
1359090,
1983260,
1868170,
1491200,
2821800,
1002300,
2477340,
1967820,
3312030,
2756770,
1468720,
1970580,
3218600,
1574360,
641990,
1926520,
2401970,
787480,
1944430,
304930,
2005010,
2689120,
297000,
2965660,
3035500,
637650,
1162520,
2059170,
1481170,
2420660,
1766060,
1777620,
780310,
319630,
1644320,
976890,
1461910,
590380,
1783780,
621060,
1584090,
1561960,
3211680,
2154330,
736220,
1069650,
1188930,
1088790,
1237320,
1588530,
761830,
1602010,
736190,
1096530,
2578880,
1515210,
1522820,
1689500,
1794960,
1420770,
1351080,
1481080,
2656540,
1433140,
1020790,
2602760,
2379390,
3150440,
1032430,
240720,
2996040,
633230,
1227530,
1887840,
1154040,
572410,
1859910,
2228280,
2069310,
2248760,
238320,
1677770,
1690710,
2699820,
393080,
553640,
337320,
2195250,
578650,
2157560,
1789030,
1079260,
742420,
553420,
784950,
47700,
2273420,
474960,
2732100,
70,
1335830,
1562420,
2008920,
594330,
47810,
1858650,
2638560,
3074110,
1631080,
787860,
2394650,
1054490,
675690,
2688570,
2689470,
2612700,
1817230,
719640,
1452250,
339800,
2501600,
1546090,
1571200,
1264710,
1985170,
1124180,
3311740,
1494420,
1404210,
1367080,
1750770,
1842810,
1079210,
2109370,
243470,
2113850,
2897580,
24810,
1606340,
1113030,
1948800,
2471100,
1672500,
1380070,
50130,
246900,
315210,
2666510,
901735,
920210,
1582650,
209160,
780290,
666150,
720620,
1178490,
604500,
2853730,
986130,
360430,
2707490,
808290,
382310,
24790,
838350,
698670,
1094390,
774801,
501300,
414340,
1135230,
48700,
867210,
2212330,
774361,
22370,
444090,
794800,
1238860,
788100,
1801110,
2928520,
3028150,
288470,
1207650,
1675830,
2708450,
1436700,
1737870,
610190,
1439750,
2834910,
1899060,
1509510,
1677310,
507490,
2082540,
2604480,
1732180,
817540,
610180,
731650,
600480,
1611430,
2649970,
2102450,
2338770,
541570,
1127500,
17480,
858810,
4500,
1995890,
740130,
2004080,
979110,
647960,
835960,
1230530,
774461,
589290,
2969380,
2663530,
2526380,
2747550,
2487130,
968790,
1100260,
970830,
2230110,
1254120,
641320,
1850160,
1432320,
1705180,
2570810,
564230,
218230,
952060,
851850,
329110,
212680,
3384190,
2785200,
1663040,
312660,
1137750,
985830,
71250,
1583320,
1286680,
1368820,
253710,
1201540,
3198850,
235600,
2103470,
2653790,
1950450,
2229850,
2732960,
1985820,
389430,
2378900,
365960,
2229870,
2229840,
377870,
418460,
2229830,
1608230,
2322660,
2229890,
2229880,
311240,
324140,
951240,
3163790,
861650,
1158940,
1016950,
248390,
1173820,
1357210,
1109680,
521890,
3010460,
797430,
3358510,
973760,
491540,
2917030,
369990,
731490,
1988550,
115300,
1262350,
307690,
978300,
2244130,
2607060,
1343240,
466170,
2216830,
407130,
3107770,
234330,
1622910,
260210,
2858150,
2441570,
21690,
2351560,
203770,
320240,
1455630,
1585220,
1408230,
346010,
2537010,
246580,
650000,
1097580,
3291310,
1166290,
394510,
2506160,
970560,
2178590,
19680,
751630,
1881200,
1216710,
22320,
1049410,
2455140,
893180,
1862520,
821250,
793460,
3017450,
763890,
217200,
342200,
1361510,
1562940,
469600,
2712550,
677120,
2291020,
2569510,
992300,
1328990,
1292630,
1696440,
983380,
1905950,
658850,
777130,
1618380,
448280,
702050,
32440,
785770,
2153330,
851100,
12150,
1286580,
24800,
3079970,
1608290,
1089090,
1240210,
1205450,
874260,
342560,
1748620,
629760,
1276760,
1071870,
2175540,
2395210,
383980,
2438990,
39140,
2322560,
2652000,
1599660,
644830,
584400,
1331510,
1222690,
611660,
268650,
3012420,
781030,
2257010,
7940,
2171440,
1610440,
2155180,
2492430,
475150,
2096610,
1223750,
2206270,
1694420,
557600,
1928420,
1162750,
1571340,
834740,
8870,
261640,
1560250,
2336220,
1184050,
2458530,
963930,
1747760,
2915460,
368260,
732690,
2069040,
238460,
2961530,
65800,
1422130,
2751000,
1262460,
332950,
1677110,
2380050,
2019810,
2889660,
311690,
2682580,
847370,
2354000,
1537830,
225540,
1813860,
2381620,
1009560,
2897700,
1361000,
324080,
1227690,
394690,
2818260,
277590,
681280,
1389990,
1608070,
1555910,
460810,
2498570,
1265920,
2594540,
2185030,
1025600,
924970,
1754870,
1249970,
2739600,
1843310,
2174500,
1903620,
1372110,
1496790,
2958970,
531510,
1665190,
1533420,
2116120,
1127540,
24780,
1003590,
675010,
1817800,
445220,
744900,
1342330,
2233120,
3132860,
1555110,
1712350,
40980,
544730,
973230,
1031140,
1681430,
1128920,
1606180,
285330,
1443200,
1278540,
1238000,
1410710,
2906370,
366090,
443110,
972660,
1170950,
1178790,
1683150,
1221540,
743450,
362620,
3339420,
1097840,
2918150,
2450700,
3116640,
2441700,
332800,
2328760,
1574820,
2638370,
1967630,
237310,
1324780,
2551570,
807120,
1594320,
32370,
631510,
2551020,
2027330,
2281730,
680420,
2693930,
205100,
955900,
1216320,
1262540,
2111190,
2453360,
1367550,
223470,
234140,
1797880,
601810,
605740,
1107320,
253230,
976590,
1309000,
3236010,
397460,
415600,
1715280,
1715130,
2717880,
2480200,
1101120,
221040,
1291340,
1116540,
3052450,
1236720,
2187290,
3140130,
1962890,
239820,
1566200,
449800,
2774380,
1353300,
818520,
510500,
961200,
1566390,
1564600,
2527390,
2060160,
1244090,
1850740,
2397250,
2108330,
544550,
249050,
2630,
269950,
2096600,
447530,
363680,
3467390,
2484130,
2074800,
620590,
2318310,
280220,
221380,
1521580,
236110,
628080,
2338140,
2400510,
352720,
2067050,
846770,
1078760,
6800,
3036080,
1284410,
1338770,
682990,
569480,
1826980,
1511630,
1637320,
2843640,
2193540,
292000,
2649480,
541300,
735280,
7670,
976310,
2379910,
2328540,
1255560,
1745510,
1472560,
638230,
2010030,
40950,
228280,
2719200,
3044560,
1746030,
2258770,
1408610,
2761670,
2314160,
206480,
2730540,
1604380,
1283410,
2614070,
801800,
1571820,
350310,
388090,
1360810,
613830,
571310,
1245560,
1708010,
2960770,
2544720,
363110,
2510960,
2190220,
1127400,
16810,
448510,
532210,
437920,
617830,
42960,
1134100,
1072040,
809880,
1307890,
1614550,
1716310,
363090,
3085640,
774861,
1280930,
2026000,
389730,
1649240,
1044620,
2458490,
1203630,
962400,
2207440,
3226850,
1436990,
1674920,
567630,
1108270,
2313330,
2432110,
977400,
2948640,
996580,
1129540,
1480560,
1488560,
1268590,
1573360,
1927720,
327030,
773790,
918570,
2287520,
2839280,
1827180,
757310,
1335790,
800270,
951440,
333600,
1954200,
2707940,
1281630,
1829980,
2674290,
1793250,
1270580,
1864950,
850320,
628060,
1844380,
2957700,
536270,
1631470,
774181,
1424330,
377840,
1028310,
1196310,
2776450,
2662780,
1670870,
936720,
6060,
1627570,
2720950,
329430,
1000360,
2878600,
99900,
2015270,
2321040,
798490,
1316910,
2290000,
2634890,
331670,
2640,
1997480,
99910,
1457510,
1996010,
1589120,
1522160,
2708950,
2305840,
1337520,
2822370,
1586800,
1559600,
792300,
312980,
2398030,
2331070,
2507620,
1406990,
307780,
1474700,
326460,
212070,
1138190,
1140270,
1530300,
628890,
1268750,
2084000,
1677970,
2394350,
1597480,
3213010,
617290,
2458830,
2272900,
1689080,
292120,
1260820,
214490,
2478970,
1677350,
2552450,
1138850,
2757330,
1166860,
1691970,
2458310,
527430,
1468260,
1465470,
2556990,
302510,
998400,
1898210,
2128480,
2399220,
3107330,
2963550,
1755580,
1328660,
704450,
898750,
2477010,
2553870,
206420,
2336980,
1364210,
953490,
1451090,
663090,
1473350,
1332340,
637090,
1710580,
2157210,
858820,
2075070,
760060,
3170540,
871540,
3259470,
1896700,
1901910,
1671200,
2693710,
629820,
274170,
1507580,
1265780,
2236070,
1973080,
2357910,
1870300,
2782880,
2911250,
719890,
3087650,
1874490,
383180,
1084520,
870780,
1574580,
1352080,
2435090,
2459750,
1972440,
607080,
274190,
321960,
979640,
1709880,
921570,
2544110,
222750,
285920,
1335560,
2521630,
403640,
2955300,
1229240,
758190,
2962810,
1440670,
770810,
678950,
1634860,
2275020,
1205520,
1173770,
241930,
1704180,
312780,
663390,
710230,
236430,
804010,
751780,
2511500,
365590,
203140,
1445790,
365590,
203140,
1445790,
498240,
814000,
2514960,
214510,
517630,
2507610,
2128270,
1999360,
1823990,
219150,
1123770,
1007040,
939400,
3393400,
1461920,
1423330,
399810,
2651460,
346900,
2442410,
1649950,
1580780,
1466060,
1411910,
1546400,
1622900,
2989950,
1457520,
464350,
2313720,
1266540,
1591530,
286000,
1330000,
1069160,
1469170,
981430,
1566840,
1173810,
641780,
2943650,
1839940,
1309710,
1139900,
2873080,
595520,
1450080,
3239270,
254700,
1556200,
2190290,
249130,
1718570,
2358260,
2826800,
1409830,
314160,
671970,
2389040,
758330,
1535560,
2649080,
970570,
1378290,
238370,
1694600,
1133500,
1850510,
794600,
2990,
1624540,
2658450,
294860,
2386720,
2510710,
2318480,
2658470,
2291760,
2138610,
2749770,
1926590,
250320,
538030,
768520,
2933080,
593600,
2186320,
1358750,
1069660,
2731870,
1382070,
2198070,
2334730,
2400770,
2785280,
2935400,
1264250,
1299170,
1088090,
1961950,
952860,
1179080,
1012790,
1147690,
2458560,
1621310,
2600,
718670,
994910,
3381010,
965680,
38420,
890550,
2067850,
1277510,
550650,
65980,
414700,
481510,
32430,
809060,
860950,
2823080,
1755920,
1737100,
2090810,
1674170,
2081400,
2303350,
602520,
672680,
304430,
2793710,
2870110,
1927740,
200260,
1102930,
415200,
1813430,
2088570,
1262580,
2086430,
1590760,
1055540,
310950,
1473480,
2151290,
3114410,
418530,
1762930,
2782610,
618140,
2195120,
2440200,
1236990,
208140,
290470,
1173790,
2854170,
1574240,
983870,
600750,
1810670,
2684500,
1443620,
2657030,
420110,
1194630,
1192900,
1222370,
1238040,
1321440,
1520,
1622770,
285310,
2734450,
1222730,
2304440,
1812090,
1958390,
2440380,
3027930,
802890,
1658150,
1570010,
2106520,
1360000,
1718870,
591740,
2969160,
2264140,
2115390,
1087460,
1178220,
2818480,
1892030,
1784570,
1113120,
374040,
1808680,
2529820,
2356560,
2272250,
957960,
823550,
1547890,
485980,
1252600,
1182020,
2462520,
209650,
632300,
985890,
1026680,
2701700,
683320,
1358700,
1658040,
1250,
898920,
1913370,
2334130,
2106670,
954850,
444930,
2231010,
789100,
2157680,
2791440,
35720,
2934180,
2194730,
3257490,
913740,
2492780,
238090,
287290,
1277400,
790740,
2143680,
3250970,
1893810,
482920,
1367720,
48240,
647830,
675260,
1924140,
821880,
1170970,
1786790,
362680,
1639990,
1353230,
819020,
1796580,
649950,
1054430,
32510,
758690,
292990,
707010,
1263550,
678960,
378540,
2694420,
863590,
2374190,
2470300,
1042550,
782670,
2081080,
1481340,
1397390,
1345890,
1018830,
226840,
207610,
2566270,
1337010,
2793370,
1818750,
2194530,
2213190,
1607130,
3226890,
1378990,
2763670,
2206340,
855740,
1059990,
2799930,
1343670,
1129570,
1883090,
578330,
858210,
1635450,
2438160,
262280,
1094780,
1587130,
2459350,
65540,
2221920,
2402710,
1217390,
760640,
311310,
1457220,
2597970,
2820140,
313690,
2464530,
506610,
287980,
726830,
692850,
1449690,
3002850,
2120900,
1022450,
3179860,
678800,
683900,
304240,
1244630,
1849900,
1173800,
2799690,
3217240,
2602030,
427510,
1732330,
2497900,
422900,
2637990,
2366970,
2140510,
1650010,
1100410,
722230,
208580,
1072420,
914800,
1578650,
2205330,
3143560,
2462060,
1754960,
813630,
366250,
1450120,
1489630,
282140,
2929170,
1968840,
1958220,
814370,
873840,
2916770,
1159290,
252870,
714120,
2997980,
3188960,
3416690,
4850,
1794470,
2544090,
1213700,
2285150,
47780,
1832040,
629650,
2833640,
354140,
1891700,
2919660,
619150,
2727210,
2854170,
1380410,
495910,
3034340,
1493760,
460950,
1685460,
2678990,
2488590,
1654660,
1763050,
242920,
1202200,
1281590,
35140,
1101790,
1963040,
515180,
65790,
1253920,
2923390,
483980,
1352330,
1696810,
15170,
2494350,
2423300,
2674590,
558990,
1997470,
10150,
1947500,
875210,
2729480,
1062340,
2878270,
1885110,
252410,
1789490,
2005160,
224760,
728740,
397900,
9480,
794860,
916840,
1691190,
640820,
373420,
2392520,
1196090,
2365810,
1314630,
1538570,
1753410,
2875140,
1517850,
1125240,
1702330,
1604000,
2261350,
769560,
2419090,
2820130,
3350110,
1622350,
447020,
2314720,
1102190,
2078910,
3011560,
359600,
2497920,
1349230,
665360,
1450830,
598980,
2407830,
1238060,
2559270,
1570330,
1766740,
1043260,
874390,
2076140,
480490,
1243850,
1501610,
2626940,
1299290,
252110,
1722870,
1388770,
322190,
2835110,
2936310,
1189630,
350080,
2237970,
2490990,
512900,
1619230,
1488200,
488860,
1036240,
221910,
490920,
2289650,
1898500,
1019550,
3034520,
1802870,
1811990,
1689640,
3011560,
1504500,
2654470,
469610,
1543030,
1543280,
1173370,
494150,
503560,
3147430,
1424660,
2603040,
2856370,
1329880,
1262240,
3290710,
2903560,
1033420,
247000,
3099660,
363970,
3014680,
1136160,
2986260,
1276790,
40100,
2409780,
764300,
976390,
1450090,
2512190,
335240,
2144640,
2506480,
1593030,
1962430,
453480,
2999030,
1318690,
1150760,
1745200,
1286710,
1062830,
3830,
839770,
1407450,
1762570,
1341490,
2127010,
3328900,
2500750,
1497440,
2530950,
9880,
257350,
1963570,
1928870,
257420,
312530,
2741390,
2195410,
341940,
434460,
3023490,
829660,
1668540,
2996570,
1775490,
1577120,
1113560,
858710,
996770,
7200,
1578390,
311770,
1142830,
2144740,
557750,
2890890,
1250760,
1837230,
1088850,
35700,
2532340,
3072450,
1397920,
2067780,
329440,
312840,
1846170,
2533960,
1571100,
979070,
1355090,
1807080,
2676840,
1173780,
2061250,
1939100,
2599370,
501080,
2059530,
3279160,
674140,
1477460,
352400,
1722860,
2533020,
1895300,
1745680,
1079800,
657200,
64000,
2250600,
1812370,
47400,
694280,
428690,
403190,
1358250,
711540,
351510,
2312520,
829590,
1329500,
1191630,
1722840,
953580,
108710,
1835240,
1215390,
2535830,
113200,
2613060,
3023070,
1134710,
1282730,
418030,
3480,
1221250,
2313140,
115320,
613880,
1089840,
1214470,
2192620,
1430760,
1364290,
979920,
329050,
251150,
537800,
982290,
777390,
1153640,
489520,
2796180,
384180,
2479290,
987840,
245170,
1080020,
9420,
274520,
578620,
225260,
200710,
958400,
1159420,
1191330,
2994430,
1802880,
2603020,
1386780,
843390,
3041810,
1975360,
637100,
678900,
2013730,
1641650,
745920,
426000,
1136370,
2294730,
200510,
47410,
2107090,
2106840,
1276390,
981890,
3200460,
1496590,
728530,
301910,
2091500,
222730,
2816950,
2491360,
1243960,
1404850,
666140,
475550,
1250650,
2735510,
939850,
1571440,
227600,
2004640,
2956820,
1271100,
1361320,
2581700,
1962770,
2975460,
2118810,
1530160,
6000,
1161590,
944330,
368360,
2616460,
2668910,
2479840,
2064810,
1735700,
1920490,
2202120,
2075720,
1111380,
814540,
3308560,
2777220,
1283230,
3410310,
644560,
307950,
2701750,
2360210,
843380,
2399730,
2655960,
802880,
405310,
1286990,
298050,
1521160,
1055430,
2064870,
1683430,
2469200,
2130460,
306020,
1410640,
627270,
2410170,
2153350,
1239320,
1108000,
2631250,
2340870,
2445990,
1118240,
1206610,
2261050,
1702140,
1051200,
1259740,
2022180,
888790,
1031510,
391720,
2180600,
2187920,
1682050,
1358140,
1580240,
8850,
1407180,
1547670,
372000,
15120,
912450,
332570,
894020,
1485080,
1351210,
1238820,
2738380,
3174480,
29180,
2291850,
1424800,
2299900,
603850,
544610,
926140,
1534980,
453090,
842180,
2308870,
290340,
2294160,
247080,
2121980,
1277940,
1427340,
335070,
1816300,
1083880,
702120,
2446550,
1214650,
464450,
1403650,
3101720,
220740,
57690,
914620,
3205080,
270150,
2286780,
3095170,
722730,
2116060,
1266700,
3023190,
2538370,
752590,
2173800,
1131620,
849100,
3330,
34010,
883860,
2242760,
1307710,
573410,
1931730,
973580,
245490,
1982340,
420000,
2659050,
1191420,
1594940,
339340,
628050,
906510,
744190,
2056200,
2132560,
2218400,
873940,
3281300,
1314140,
1275890,
864700,
2060130,
2110820,
1843090,
1567020,
218680,
2757490,
1460200,
551620,
915810,
673880,
2857880,
3263210,
1717250,
265930,
1058020,
1434950,
316430,
3002570,
307110,
2015240,
1403940,
837880,
2289390,
1716120,
1799370,
641080,
1314000,
392470,
1245250,
2714970,
1579880,
1421250,
1259840,
2865440,
1997660,
532110,
2320,
1485690,
1978590,
1038370,
2100150,
2258940,
39510,
215280,
741140,
246420,
1584940,
2756380,
2879090,
3334660,
1896170,
1985960,
1182110,
1714040,
2022670,
9350,
319910,
58610,
2095340,
2404370,
738520,
1451810,
2499470,
3094130,
33220,
848500,
1931690,
850170,
2108180,
908060,
1532200,
24880,
2544760,
2651570,
646270,
1262600,
13570,
757210,
572220,
1866980,
2455610,
1056960,
2865490,
1721060,
1545450,
2454890,
3060900,
1272010,
744060,
1249800,
2741560,
420560,
638510,
2193070,
968970,
1609730,
3332860,
2903160,
1383150,
2978540,
723090,
605230,
399720,
206440,
257510,
2551110,
720250,
2085370,
809230,
402130,
2022290,
620620,
424370,
2059810,
2969140,
1394960,
2111170,
718560,
2521600,
1062160,
2223840,
1018800,
240760,
1662210,
3188550,
1942110,
4720,
2187220,
274940,
1674820,
2986400,
32500,
1477070,
872570,
2539910,
1918540,
303210,
403120,
2817620,
2602020,
2810780,
357070,
1528220,
554620,
2432040,
262410,
2957110,
1983710,
595690,
751440,
684410,
954740,
700600,
1041720,
207140,
2540230,
2353700,
1053680,
1340130,
397740,
688130,
1237980,
2725560,
354160,
35450,
47790,
378760,
434650,
2612660,
2891310,
375910,
1977170,
1961460,
1597310,
367500,
1465070,
2113040,
743890,
577940,
2096030,
3320,
1122340,
702670,
544750,
3089130,
3151670,
1032670,
1127700,
1731270,
1985260,
38400,
6860,
1756020,
406550,
2274980,
626690,
1292690,
2103530,
2936410,
548570,
673610,
25000,
410110,
3288380,
39120,
2445340,
12360,
1372530,
1245610,
1796220,
1242980,
1437880,
981600,
313160,
1394930,
1823930,
2538910,
41700,
2598020,
2580020,
329070,
1222300,
2474940,
1333360,
442120,
2897240,
931280,
1999520,
2495050,
2758000,
1910860,
2008980,
3029830,
606880,
3095380,
1201240,
1291010,
1889930,
466300,
321360,
1897120,
260750,
789660,
2396910,
981750,
2750410,
2741260,
362960,
253430,
3029540,
2482200,
628140,
2348170,
1865960,
816340,
2292650,
797400,
1590910,
2283200,
566440,
1573280,
1964040,
785260,
2281940,
2218970,
1425350,
2620,
1274600,
345350,
1196080,
1925320,
2573100,
2367230,
1761620,
1949220,
257850,
1060230,
2436570,
283640,
2218930,
10680,
2865610,
1129190,
761620,
1316230,
612720,
562260,
362490,
2069640,
526160,
3107900,
1067850,
406350,
2275940,
1623070,
1508570,
458770,
311260,
2994790,
212630,
965300,
268050,
1350840,
204530,
2179850,
492090,
3135930,
648410,
842780,
553520,
1518430,
1599330,
1901370,
3910,
1680880,
1087760,
1952520,
538680,
1796720,
1025250,
428550,
397950,
1111390,
893850,
429790,
205710,
292140,
2141770,
445980,
2072980,
1405500,
864060,
1310410,
2058750,
2475460,
13540,
1314820,
9010,
2688650,
3074440,
1570070,
754500,
377860,
1904790,
1932210,
1100420,
1045520,
22300,
2797340,
2608350,
1205950,
1967430,
546050,
95400,
2994260,
1292940,
1883000,
250260,
1868000,
269770,
2487060,
2122830,
1842730,
1951410,
1494840,
2990640,
1523650,
519860,
1609230,
1997460,
686200,
1456760,
2727650,
1051310,
2653940,
2494810,
282440,
39550,
3156640,
1934030,
1484280,
1392820,
775500,
2296380,
50,
382560,
2088160,
2012510,
1437400,
760160,
1933840,
1587540,
859570,
2976400,
1529350,
582550,
2427100,
1048370,
2078350,
1646850,
2166060,
586200,
1414660,
1641990,
2126680,
617670,
909660,
2403290,
666860,
212480,
265550,
2442390,
1093910,
1148760,
752580,
1324530,
337000,
1886070,
339600,
1100140,
2264340,
1515260,
2550040,
2610080,
1517180,
3920,
3227760,
2424110,
955050,
1082430,
782250,
1356670,
1877020,
1486630,
1084020,
242680,
1683340,
2650590,
997380,
1653970,
3332070,
1594210,
2830150,
1159830,
2908950,
2055290,
367450,
2475420,
1630080,
877200,
435120,
320140,
2060590,
1590730,
736820,
1357870,
2192790,
1494810,
1546320,
2719030,
624270,
1232580,
1455910,
2669950,
2647060,
790710,
375480,
1458100,
2544570,
1687670,
1898290,
2310,
298630,
2200,
617160,
2386310,
1901620,
3173890,
2685500,
245390,
3362990,
3376080,
623280,
1174400,
1840800,
236090,
965320,
528550,
551170,
1415220,
2806410,
1718160,
3243190,
3130340,
2291340,
2709120,
1076200,
2342950,
1612810,
518150,
42910,
1968340,
2137700,
1927780,
896890,
1149440,
822240,
1689910,
496240,
1644940,
3044030,
2246110,
2898270,
1620340,
1471270,
207490,
458710,
1941000,
1230140,
541210,
2852980,
1293180,
434050,
2357000,
1546310,
2354330,
2455060,
461950,
502280,
553310,
17410,
2093920,
1147550,
397340,
525510,
2704140,
829110,
2719190,
285160,
288160,
2659960,
2509800,
2534120,
2925690,
1094520,
1218210,
1933490,
2184590,
1843540,
739650,
2383990,
2109270,
2140330,
839870,
13520,
1120320,
1887930,
1889040,
579180,
2722360,
1939160,
1179680,
1985420,
522470,
1861610,
250760,
3016920,
2276930,
1658280,
3172190,
1088770,
2442400,
1368030,
2270,
2340650,
6020,
2740080,
991170,
589360,
1648390,
2414630,
2350280,
2051120,
2766860,
583090,
201790,
899970,
973810,
2652490,
744050,
653930,
45740,
2214880,
19800,
942970,
3279980,
803330,
3170410,
312450,
2820110,
1138640,
1238080,
1742360,
2951340,
2277320,
203750,
2413190,
1684170,
1222750,
1180660,
2400160,
22230,
223100,
718850,
2052040,
2450450,
1859280,
1205040,
21000,
1432910,
2355140,
368070,
2535770,
1746930,
2248180,
982300,
1656780,
2279600,
819190,
1614440,
1238680,
937380,
1949030,
2179300,
2246300,
606800,
251110,
1863670,
1759380,
442070,
843260,
2529770,
15370,
2113900,
1997420,
473690,
421050,
1369690,
942200,
215100,
2994020,
984680,
2153610,
1909840,
2456350,
1812300,
2076010,
865820,
1946700,
834910,
1257360,
301320,
1897110,
246840,
799240,
25980,
2013360,
503580,
1920780,
39540,
1394800,
2789130,
872200,
1065520,
589590,
290100,
670290,
1206410,
758870,
1555140,
428660,
1265820,
200080,
518920,
1200230,
2552310,
1612770,
2936220,
2160220,
1189290,
234270,
897450,
1754860,
1372810,
1517340,
2230980,
1492730,
1337760,
3073580,
2384600,
227860,
1920480,
1454970,
1128000,
466130,
2826180,
2925580,
1520500,
1738990,
2310700,
1288310,
2184580,
3333360,
1203670,
2553050,
990630,
8000,
502800,
238010,
3001330,
434570,
885000,
1700270,
3128740,
2726450,
2951780,
2964540,
2485460,
3227350,
220440,
2328750,
1018160,
2535440,
1194590,
504210,
8140,
1724190,
1743830,
1466230,
2827610,
1402320,
2799920,
1999770,
2053940,
1107300,
1321680,
1021100,
2737300,
2530490,
1803390,
2624280,
1732340,
1803580,
2840190,
694130,
1229890,
983970,
915600,
1491340,
1252780,
1695830,
427250,
1611580,
1184770,
2184570,
468920,
1683560,
738540,
1646580,
603390,
1846920,
3293490,
2399160,
1634150,
1664220,
461430,
842100,
2002570,
368340,
2471650,
687800,
1233260,
750130,
1278060,
1987980,
19900,
31100,
1782330,
1201230,
1817940,
423580,
2779570,
272270,
2632930,
28000,
6850,
2842590,
1974520,
1154840,
1973580,
933820,
2591410,
2554670,
316790,
444640,
2140650,
2529170,
1721870,
1611410,
966680,
2409360,
283940,
2672510,
1062810,
1328840,
2171550,
3077670,
1956600,
3114010,
2060790,
356500,
674500,
1979440,
523660,
1906020,
1966900,
2235150,
13560,
2396740,
1867530,
3112280,
2708210,
1869590,
1663220,
572890,
456750,
905340,
1823950,
1576240,
130,
1645820,
40700,
1779200,
1266840,
1009290,
1931010,
2627570,
1086620,
1843760,
2219000,
2396190,
1273710,
2951770,
500190,
3017700,
1450900,
2772990,
7600,
39500,
1915380,
3044550,
259680,
989690,
1591420,
1849000,
323850,
844590,
679520,
844260,
1417930,
730820,
1924360,
2124780,
824720,
40300,
261030,
1635590,
2167220,
2001340,
820520,
848350,
2638100,
1783110,
2657900,
2884650,
587430,
354290,
34190,
1360980,
1492070,
1668510,
40990,
1412310,
2617400,
2153780,
2739700,
1524630,
222480,
1681060,
2751050,
1454960,
1910790,
587620,
557180,
1781890,
1150530,
451020,
1282150,
342180,
318020,
2972990,
324680,
1266470,
1374840,
1819450,
3900,
1158370,
1392960,
1137300,
956240,
2261240,
2009390,
598810,
824550,
2420460,
221260,
1982150,
1757490,
1731200,
1384380,
1435010,
2593900,
978460,
1559390,
1224160,
1519090,
675610,
1882500,
320300,
604540,
755800,
2661620,
1273100,
1052990,
1857080,
1865930,
1470740,
2942700,
889710,
2081470,
2658720,
3288600,
1089790,
464340,
599080,
2370170,
792120,
1710740,
654880,
520440,
1272160,
1379130,
2943280,
552620,
15300,
1737110,
1148150,
2737980,
1039880,
2128940,
2430900,
388410,
1991860,
1309950,
3067200,
2781250,
2596420,
242860,
783770,
2651500,
1932260,
1142500,
1116580,
575480,
378770,
2958790,
1730700,
1418760,
503940,
3250980,
1933650,
1100990,
1895350,
1727210,
1154810,
1510470,
1057180,
425580,
3096420,
868410,
3414060,
1916310,
1733880,
919360,
3028730,
388210,
466240,
1894430,
1273260,
1042380,
838310,
1200720,
1824840,
297860,
909080,
1421290,
1740720,
1685750,
1227650,
32360,
335670,
1793090,
3298170,
1273560,
757320,
41070,
2937670,
898890,
628030,
1955230,
57620,
841190,
57740,
995460,
370540,
48000,
2118120,
3277480,
2390260,
1919600,
1582510,
1145960,
2370140,
3072640,
956680,
1320100,
1846330,
1341820,
3177970,
1308700,
2866440,
458730,
2669150,
1040730,
2717850,
48720,
1244800,
3207250,
21800,
1295900,
1451480,
1111460,
3209620,
1739300,
1615290,
55140,
65530,
1977530