621830,
48700,
1796580,
803330,
1084160,
700600,
1114150,
951440,
2567870,
2059170,
2729480,
1371980,
962400,
1886070,
672680,
2656540,
1122340,
429050,
1299060,
2107090,
631510,
3339420,
1200720,
1829980,
1286710,
1314000,
354140,
3359320,
498240,
1843540,
1962660,
2246110,
1144400,
13570,
2294160,
620,
2115390,
1761620,
1051310,
1819450,
1580790,
566440,
1369670,
1243960,
1097580,
1092790,
1245250,
1273260,
200260,
894020,
2961530,
2342950,
2179300,
444640,
2414630,
422900,
55140,
356500,
1716740,
2499470,
550,
1715130,
813630,
2878980,
2631250,
3328900,
1061910,
2276930,
368500,
2915460,
1264250,
236390,
1288310,
1926590,
2658720,
1121640,
2066020,
927380,
458770,
641990,
2229880,
982300,
553420,
2052410,
557750,
674500,
1488560,
2525380,
1611580,
744060,
331670,
311260,
2679460,
346110,
1718570,
2194530,
2114740,
1584090,
519860,
931280,
259680,
739630,
611790,
1562430,
1689080,
1982340,
1063660,
2303350,
573410,
3334660,
1745680,
1128000,
1086940,
399810,
1244630,
1013320,
445980,
2459550,
2903560,
2180600,
751630,
736260,
1663040,
245490,
1062830,
1915380,
1184050,
394360,
451340,
312660,
1033420,
3910,
374040,
434460,
1009290,
214490,
2995920,
606800,
3376080,
2566270,
768520,
2328540,
2850190,
2111190,
227860,
222480,
1732330,
1681060,
518790,
2624280,
25000,
373420,
383120,
604500,
219740,
1133500,
1716120,
1674920,
2717850,
329110,
924970,
953580,
1206610,
323850,
451020,
1597480,
2839280,
3079970,
799960,
647830,
1977530,
1012790,
1295510,
1895300,
424370,
485510,
290470,
252110,
1677310,
1473350,
1213210,
2785280,
667970,
860950,
2331070,
1394930,
1332010,
1288320,
1290000,
2113920,
704450,
459220,
1709880,
1341820,
1624540,
741140,
242860,
2933620,
770810,
826630,
973230,
1430760,
1644940,
50,
784950,
2530950,
1978590,
3143560,
1949030,
2392520,
3226870,
2395210,
829590,
730,
997010,
1718160,
2556990,
1295900,
2022670,
570,
2620,
1100260,
392160,
3017860,
2288150,
1599600,
3590,
1498570,
394690,
32430,
2492040,
2192790,
204880,
1235140,
393080,
2467810,
1604380,
3257490,
1308700,
1870300,
1817070,
1124300,
1443620,
341940,
1189630,
888790,
501080,
2166060,
2963880,
1597310,
1262600,
620980,
956680,
208650,
2538910,
1421290,
1335560,
2521600,
362490,
1983260,
1614550,
297860,
2106670,
16810,
1149620,
2111170,
1029690,
1928420,
1259790,
3293490,
2082540,
2078910,
516750,
1845910,
2602030,
2184590,
732690,
457140,
1522160,
1134710,
686200,
1415220,
2870110,
1040730,
1850160,
400750,
1556790,
1201240,
1796790,
2187220,
2334730,
3021100,
2099110,
2300320,
1101120,
2630,
2221490,
387990,
1201540,
1363080,
2288630,
2904000,
506610,
2689120,
2535440,
1105420,
298630,
1364780,
1547000,
804010,
2518630,
397340,
1496790,
304390,
2275940,
926990,
674140,
450540,
493490,
1272080,
2076140,
382560,
4570,
819020,
1314140,
2668910,
1116540,
2612660,
1419170,
1343670,
2479290,
2878270,
290340,
641080,
898920,
1267910,
204100,
3035500,
552100,
1252780,
1230140,
933110,
1587540,
307950,
3188550,
1380910,
285160,
1481080,
2398030,
278080,
641780,
535930,
1356670,
1931770,
39540,
1178490,
2168680,
2663530,
2674590,
324680,
1746930,
1501750,
298050,
2917030,
976590,
1374840,
1261040,
3002850,
271590,
434170,
675010,
6860,
2076010,
2951770,
2740080,
1656780,
2943280,
3092660,
325610,
2644470,
1189490,
2454890,
2367230,
2397250,
2497900,
2401230,
1952520,
1471270,
1874880,
1214470,
1250650,
1490890,
2338770,
1543030,
319510,
2599370,
3308560,
552990,
957960,
1248130,
342200,
2193540,
926140,
2626940,
835570,
2081080,
283640,
897450,
2401970,
617670,
1243830,
2828860,
415600,
2616460,
901735,
2279600,
703080,
1817230,
262060,
2102450,
57690,
2719200,
1421250,
954740,
3211680,
2258770,
2157210,
1574360,
647960,
2420660,
1203620,
1710580,
825630,
653530,
477740,
1670870,
582010,
427410,
524220,
3029540,
1295920,
842780,
461950,
2304620,
2717880,
388090,
1727210,
504210,
2526380,
3130340,
7940,
990630,
704270,
1361210,
1658280,
1612810,
858710,
1885110,
2124120,
937380,
1999770,
1488200,
966680,
1052990,
1276760,
1281630,
1069650,
976390,
2676840,
246620,
2714970,
2482200,
2060590,
653930,
1747760,
2157680,
1969870,
474960,
1931730,
730820,
367500,
25980,
1278540,
1097430,
875210,
2989950,
2186320,
492090,
611670,
787860,
1101790,
2014780,
814540,
2280,
376210,
1403940,
1360810,
2091500,
880940,
953490,
2084000,
1063730,
47700,
3296790,
1708010,
2967990,
2786680,
206480,
1406990,
3287520,
2475460,
960090,
1129580,
1252600,
1309950,
1658040,
1944430,
2484130,
494150,
410900,
1922560,
720250,
8850,
1585220,
203140,
774171,
3259470,
3077670,
2820130,
3263210,
470220,
558990,
3215170,
2709570,
252530,
24810,
824550,
221260,
220240,
460950,
2897700,
3279160,
1812450,
1517290,
1740720,
1468720,
1846170,
1850570,
2470300,
1989270,
2969160,
1663220,
447530,
1382070,
2962300,
332950,
1041720,
346010,
2410170,
2739700,
983970,
2286780,
1107300,
644930,
675610,
915600,
1029780,
657200,
1271100,
1320100,
2360210,
2976400,
2290000,
418030,
871540,
2594540,
1330000,
597180,
1361000,
3099660,
2776450,
1702140,
306020,
359870,
1817940,
757320,
1137300,
2725560,
2485460,
1535560,
1551360,
1533420,
1455630,
1084020,
2653940,
2086430,
1477070,
1044720,
2369390,
2093920,
1494420,
493520,
2009390,
2074920,
1244800,
2591410,
1003590,
1928870,
283940,
2559270,
1238040,
677160,
34010,
955050,
678960,
655500,
235600,
2445990,
1754960,
593600,
268650,
591740,
301320,
2934180,
1147560,
2314720,
2272900,
297000,
1710740,
2708450,
1635450,
2842040,
1881200,
1903340,
1809540,
444090,
2161440,
1732340,
2634950,
39120,
1649950,
568220,
1567020,
2842590,
1875060,
1578390,
1335790,
2469200,
3036080,
1955230,
1771980,
386360,
965580,
413420,
2734450,
2951340,
2535770,
392110,
962730,
1257360,
1392960,
3384190,
1627720,
2495050,
1706360,
692890,
1606340,
2103140,
249130,
3920,
1088090,
2072450,
4850,
1865960,
2239550,
1140620,
994910,
1934030,
4700,
2366120,
1309710,
2677660,
20920,
24880,
1623730,
1588010,
1494840,
1205450,
720620,
1221250,
1966900,
2758000,
1546320,
603390,
15370,
21800,
1341290,
579180,
3263320,
781030,
414340,
2730540,
24010,
1446780,
690640,
1583230,
2446550,
1874170,
2287330,
2383990,
1911610,
1967630,
2404370,
2069310,
1689910,
2455060,
312980,
201790,
1777620,
50130,
2818260,
814000,
2858150,
1120320,
1587130,
19900,
968790,
2507620,
1609730,
2598020,
635260,
613880,
1361320,
843380,
1191260,
1094780,
2891310,
302510,
1176470,
1417930,
2878420,
605230,
2111630,
589590,
1676840,
848480,
629820,
1276390,
837470,
1555140,
204360,
289130,
607080,
205710,
250260,
261570,
1763050,
2698940,
39550,
1000360,
211820,
247000,
1888160,
1324780,
413150,
285920,
973810,
2060160,
1388880,
343780,
2747550,
10,
1040200,
2009350,
589290,
1696440,
1422130,
2005160,
1674820,
1963570,
874390,
2766860,
294860,
2657900,
2289390,
236110,
35140,
881020,
572410,
1521160,
2835110,
683900,
2933080,
2211170,
2668080,
339600,
2820140,
1445790,
1191330,
2962810,
2593900,
2761670,
8000,
625960,
2201940,
886250,
2140650,
495910,
489520,
240760,
10180,
332570,
1188930,
785260,
805550,
2069040,
898750,
2936310,
2707490,
600750,
397740,
899970,
1079210,
2229870,
2223840,
428550,
2436570,
13520,
3204250,
728530,
2128270,
1574580,
251150,
1435790,
2750410,
2103130,
678800,
288470,
2613060,
251060,
1604030,
834910,
1887400,
3146520,
1525700,
942970,
32500,
628890,
324160,
952860,
212070,
1659040,
47780,
2581700,
1641650,
1072040,
527230,
437920,
1985170,
1180660,
1889040,
58610,
719890,
391720,
257850,
319630,
538680,
1272010,
1172620,
1113030,
1658150,
2217000,
544750,
236850,
2674290,
1055430,
1105510,
35720,
532110,
2936410,
1324130,
252410,
1712350,
16900,
755800,
1452250,
638510,
758190,
418370,
1883090,
1832040,
1372110,
12200,
1474700,
1402320,
2002570,
2208920,
1079260,
774801,
1060230,
2010030,
2716400,
333640,
1278060,
245170,
371970,
253710,
1509960,
1053680,
494840,
388410,
292030,
1378990,
1145350,
207140,
718850,
598810,
1657630,
65530,
238090,
1352330,
436150,
2389040,
2061250,
2477340,
1627570,
326460,
582160,
2445690,
601810,
230410,
2142790,
2320,
425580,
3311740,
2143680,
1470740,
1618380,
2950340,
274190,
654890,
2580020,
1484280,
1388590,
489630,
1669980,
2597970,
842180,
1519090,
818520,
466130,
365960,
2287520,
2424110,
1062520,
618140,
1262540,
2826800,
1367720,
1515210,
2356560,
2140510,
1345890,
1054490,
1449690,
738520,
1533390,
2957700,
2429860,
601050,
1284190,
1458100,
2228280,
2701660,
2659960,
361420,
812140,
460810,
2294660,
1925320,
1293180,
550320,
893180,
1127500,
819030,
1985810,
1483870,
861650,
359320,
1166290,
936720,
406550,
2264140,
244160,
790710,
2512560,
505460,
48720,
983380,
2544110,
458730,
282440,
3416690,
1203670,
240,
537800,
1142710,
1674170,
678900,
1685750,
1823990,
1985960,
1245620,
1128810,
1180320,
2739990,
800270,
752590,
546050,
2015270,
850320,
2527390,
1266540,
2407270,
2318480,
254700,
2514960,
507490,
2058190,
1451190,
225260,
1593500,
1316230,
1954200,
212480,
877200,
881100,
824270,
979070,
1682050,
885000,
1849250,
1043260,
2603020,
1843090,
814380,
1007040,
1140150,
872570,
2013360,
3217240,
1610440,
1335200,
646570,
227300,
2880730,
366090,
1364210,
1364290,
2662780,
440900,
2684500,
1694420,
2144740,
1291010,
2134770,
1602010,
2671230,
382310,
397460,
1369690,
632300,
1266700,
2242760,
1218210,
1026680,
793460,
654880,
1704180,
2362300,
2292650,
1588530,
1591530,
585420,
1238840,
551170,
2510960,
2908950,
2381620,
2749770,
1492070,
32470,
1127700,
1691970,
581320,
2478970,
1755920,
985890,
1449200,
1272320,
1324530,
1386780,
2366980,
268500,
1599660,
2085370,
1934570,
282140,
1173820,
1292630,
221040,
2108330,
2479810,
1227690,
2213190,
1818450,
2689470,
320140,
57740,
1351240,
1377380,
1203630,
1028310,
1559390,
1030840,
218680,
491540,
1796220,
587430,
314160,
1016920,
2231380,
521890,
859570,
292000,
316430,
1485080,
1036240,
864060,
1337760,
287290,
1373960,
2081400,
641320,
287390,
2865490,
586200,
1245560,
610180,
1563180,
844260,
1086620,
2374190,
2121980,
1745510,
313120,
2969140,
466240,
3174480,
1607250,
35700,
2708210,
289070,
1977170,
1875830,
1939970,
774861,
1708850,
2961880,
2707930,
1078760,
1019550,
12210,
1865930,
1066890,
2175540,
1255560,
619820,
251110,
2632930,
1898300,
2854740,
48240,
1262240,
2340650,
388210,
536270,
1730910,
788100,
1158940,
1076200,
1523650,
242550,
529340,
2103470,
2022290,
359550,
1643320,
2118810,
503940,
1451940,
2756770,
2453360,
851850,
363110,
2396190,
675690,
444930,
2137700,
223100,
1892030,
1611910,
1607680,
2539910,
526870,
1184370,
2569510,
2128480,
291480,
573100,
2969380,
109600,
482920,
2400160,
2183900,
559650,
1668540,
1054430,
1018830,
604540,
2314160,
2682580,
694130,
2336980,
286160,
2074800,
2109270,
2720950,
1547670,
668580,
2427100,
848450,
865360,
2054970,
1282100,
1815780,
686810,
311690,
3170540,
1622770,
738540,
2553050,
939850,
967050,
711540,
1968730,
2844850,
2688950,
2198510,
95400,
2849080,
629730,
307960,
1044620,
2707940,
2285150,
496240,
249050,
2777220,
1957780,
1816300,
838350,
754500,
594570,
569480,
2853730,
3096420,
287980,
1214650,
2669150,
859580,
1472560,
1799370,
1162750,
858820,
2865610,
779340,
1620340,
1903620,
400,
1755580,
1201230,
1341490,
1340130,
2741260,
424840,
1273710,
611660,
377160,
1545450,
307110,
1222300,
1489630,
379430,
1999520,
2659050,
217200,
567630,
1118200,
1056960,
2151290,
1568590,
915810,
621060,
2738380,
1179080,
523660,
1017180,
3177970,
2080690,
12360,
1858650,
488860,
481510,
1062340,
315210,
2976870,
979920,
637100,
47410,
1138190,
2396910,
289650,
244450,
492720,
2990,
1280930,
1743830,
2355140,
2471100,
1451810,
2978540,
335300,
2964540,
2275020,
2261240,
3218600,
2491360,
1105670,
1335830,
1982150,
1862520,
977950,
248610,
981890,
3198850,
2519060,
202970,
41700,
32440,
702320,
502520,
2153610,
3164300,
1148760,
2169200,
794860,
1079800,
1296830,
1707990,
2669410,
1158160,
420560,
40990,
2658450,
2141770,
1189290,
544550,
2916430,
843390,
829110,
291550,
617830,
575480,
1450830,
464920,
448280,
380600,
375450,
1546400,
252870,
22230,
3281300,
232090,
354290,
327030,
370540,
1634860,
38420,
865820,
2719160,
1263550,
2109370,
562260,
2257010,
361280,
1933840,
3014680,
2312520,
956240,
12150,
1997040,
688420,
286000,
1273560,
975370,
391540,
312840,
1215390,
2250600,
1238820,
31100,
1893810,
2551020,
412020,
1468810,
1562420,
973580,
692850,
1410710,
3330,
1296610,
1178790,
2797340,
508440,
2462060,
1099410,
1614440,
19680,
1423330,
488790,
302670,
1154040,
40970,
622650,
2307350,
471710,
238370,
1932210,
578330,
1504500,
2751050,
1194630,
648580,
2161700,
285330,
209650,
1191630,
2501600,
1823930,
2291060,
316790,
784080,
2942700,
1469170,
368340,
2357570,
1713350,
1025250,
1292940,
2229850,
1173810,
482400,
363970,
1384160,
372000,
3121110,
2793370,
2529170,
1451480,
1909840,
758690,
1016800,
2008980,
461430,
1687950,
1867530,
252490,
1426210,
2722360,
406350,
578620,
3188960,
1436700,
1629530,
1578650,
1937780,
1961460,
839870,
212500,
1537830,
1556200,
3095380,
820520,
1869590,
1005300,
3334550,
490920,
1987080,
918570,
2614070,
1543280,
468920,
2529820,
39140,
1222680,
215280,
323190,
1227530,
1920480,
1910790,
1731200,
292120,
2600,
1150760,
1057180,
681280,
2120900,
671860,
3001330,
270150,
1485690,
115300,
645630,
2331330,
1170970,
2817620,
808290,
1457520,
2407830,
601150,
2807150,
2194730,
1947500,
1811990,
1265780,
1282730,
687800,
1789490,
445220,
2420110,
2218400,
15300,
364360,
839770,
1586800,
493900,
844590,
1111380,
620590,
777130,
628050,
2696050,
1783780,
8930,
298110,
1450090,
2627570,
485980,
275850,
1216320,
1999360,
675260,
480490,
858810,
648100,
2271930,
329440,
850190,
2884650,
1818750,
2386310,
1192900,
2202120,
460790,
939960,
48000,
954850,
965300,
2897240,
2667120,
1699480,
108710,
534380,
236090,
1562700,
3170410,
518920,
995460,
1702010,
362620,
282800,
2963550,
1454960,
352720,
1236720,
1573280,
3319980,
3034520,
1437400,
3243190,
1879330,
2214880,
1147690,
815370,
976730,
367450,
32510,
1649240,
1954420,
365590,
1250410,
2683150,
224760,
2909400,
1194590,
1797880,
222730,
269770,
958400,
1408230,
3016840,
742420,
1794960,
319910,
1032430,
2521630,
3107900,
248390,
391220,
1222690,
978300,
916440,
28000,
1379130,
1486920,
415200,
1465070,
785770,
589360,
1039880,
863590,
3107230,
2313330,
2067780,
2757330,
1196310,
1494810,
1211020,
55230,
257420,
2409360,
40700,
1158310,
1062810,
2458830,
1840800,
1205970,
2403290,
310950,
2357910,
2088570,
981600,
2237970,
1573360,
1442430,
2498570,
552500,
2064870,
1581770,
809880,
583090,
740130,
2200780,
1270580,
1927740,
2464530,
1262350,
2322560,
794600,
287450,
6060,
960170,
2217490,
235540,
977400,
24780,
2649080,
1338770,
255710,
2375550,
238010,
2206270,
2506480,
2394350,
1096530,
228200,
1622910,
1326470,
1427340,
658850,
2826180,
1266840,
3084280,
756800,
307780,
362890,
1621690,
2929170,
1781890,
2965660,
594650,
326360,
1136160,
3209620,
1810670,
2051120,
731040,
2280350,
594330,
1901910,
968970,
1286580,
41070,
1032670,
2000890,
1860510,
864700,
1275890,
962130,
1177980,
339610,
1182110,
1861610,
2903950,
2462520,
847370,
477160,
1465360,
1277510,
47890,
3227760,
1662210,
1481170,
1635590,
1997660,
1353230,
1355090,
1953520,
2670630,
2750080,
1088790,
1858630,
1213700,
1295660,
671970,
2438990,
2834910,
921570,
1108270,
1789030,
1350840,
628060,
1041320,
22380,
3236010,
1196590,
414700,
2291850,
2315690,
2727650,
4000,
329070,
2399830,
3061810,
617290,
1985820,
2185030,
914800,
1437880,
2999030,
218230,
1721470,
2185060,
1559600,
2725260,
2732960,
1102190,
460920,
532210,
1072420,
311770,
1462040,
2064810,
1761390,
2005010,
2703850,
383150,
443110,
48190,
1313140,
1455910,
2236070,
9880,
2252570,
219990,
1416920,
1385380,
1284210,
1150440,
588430,
2110820,
1232580,
3041810,
108600,
773790,
1477460,
1283230,
448510,
2296550,
889710,
1239320,
264710,
1150690,
15170,
868410,
627270,
1462810,
976310,
1650010,
1570070,
1205040,
1174400,
2796180,
1419850,
250320,
2637990,
1299290,
934700,
1594210,
2622000,
1973530,
906510,
792120,
1001270,
2852980,
1540210,
205100,
2163330,
1069660,
3070520,
2302660,
311240,
337320,
2638370,
678950,
513710,
1546090,
1680880,
13560,
1817800,
774361,
2430900,
801800,
1178830,
1244460,
1571440,
1432860,
670290,
2856370,
970570,
320300,
200080,
1057090,
201810,
2004080,
1786790,
1274600,
1206410,
33220,
1985420,
757310,
476600,
9900,
851100,
1394960,
1733880,
913740,
1651560,
214950,
628030,
210970,
251570,
1608230,
2178070,
758870,
2754380,
495420,
3052450,
2259260,
1684350,
1677350,
272270,
1016950,
208200,
363090,
402130,
500,
1590760,
1410640,
246580,
220200,
3137110,
1972440,
1660080,
1971870,
2113040,
2996570,
983870,
250760,
2933130,
1127400,
1775490,
397950,
2015240,
501300,
1067850,
1088850,
2513280,
438100,
1509510,
1566390,
1256670,
1497440,
1147860,
3094130,
2328760,
2291760,
2972990,
393380,
2652000,
1480560,
2179850,
541210,
2551110,
1125240,
1170950,
2719030,
268050,
1801110,
6850,
2022180,
42910,
1690710,
2823080,
428690,
1249800,
1238680,
2990640,
1948800,
633230,
2305840,
1432320,
858210,
1139980,
744190,
821880,
606880,
1677110,
1466230,
1592190,
1222730,
1859910,
384180,
403120,
22370,
42960,
1942110,
3023490,
1265820,
427100,
1846380,
2167220,
378770,
17410,
1857090,
2524890,
789100,
899770,
1173800,
2000950,
1088770,
2071280,
3010460,
821250,
582550,
848350,
782670,
1808680,
363150,
619150,
1273400,
627690,
683320,
504230,
986130,
2789130,
744050,
2666510,
2081470,
578650,
397900,
1145960,
2135150,
1229490,
3107330,
301910,
1648390,
2052040,
1641960,
628080,
3200460,
200710,
2544570,
1329500,
375480,
1162520,
234140,
541570,
629650,
1243850,
1145360,
2354000,
1996010,
2423300,
985810,
1782120,
835960,
38400,
19800,
1401590,
726830,
527430,
253430,
2406770,
213610,
1254120,
503560,
1929610,
65540,
848500,
979640,
1100990,
2021880,
2487060,
1123770,
600480,
666860,
9480,
1510470,
1718870,
405310,
200510,
2918150,
1920490,
1158370,
2400770,
1813860,
1277940,
949230,
2128940,
1868170,
1062160,
368070,
1336490,
1717250,
787480,
996580,
1895880,
1260320,
2994020,
1190000,
1328670,
500190,
2229890,
552620,
1779200,
2957110,
2325290,
777390,
427290,
2160220,
809230,
1242980,
1599330,
951240,
2552450,
1956600,
1022980,
2157560,
366250,
1985260,
1904790,
2162800,
1522820,
1866980,
1173790,
1138640,
2356780,
1066780,
1259420,
1258080,
1574240,
362960,
2001340,
375910,
285900,
794260,
1277400,
1337010,
752580,
996770,
2075070,
1058020,
895870,
544730,
1190970,
360430,
1951410,
231430,
1450080,
900883,
2190220,
541300,
2955300,
3072640,
2281940,
221380,
674940,
1205520,
2764370,
242920,
40100,
648350,
2593370,
1448440,
20900,
1100410,
1699510,
3410310,
1048370,
1349230,
3112260,
3290710,
1611410,
567640,
883860,
2456350,
571310,
285190,
1088710,
1238810,
2450700,
1012880,
2195120,
599140,
843260,
1202200,
303210,
1352080,
1196080,
40300,
1933370,
209000,
339340,
2497920,
502500,
2141730,
449800,
203160,
2780980,
1562940,
1404210,
9350,
2186360,
1913370,
369990,
2187290,
2653790,
1835240,
650000,
834530,
1357870,
2277320,
223750,
304050,
3467390,
268910,
736820,
2001120,
960910,
2551570,
241930,
2727210,
2936220,
2432110,
2706170,
330020,
2751000,
1093910,
2770460,
2321040,
909660,
232890,
2818480,
694280,
427250,
553520,
1785150,
3900,
110800,
3279980,
3371240,
2012510,
1229240,
1983710,
2291020,
212630,
1018160,
311560,
3151670,
544610,
610370,
33230,
403640,
1842730,
1937500,
3292260,
1477590,
2956820,
663090,
427510,
1971650,
2688570,
1173780,
1532200,
1790600,
274940,
887570,
473690,
45740,
578080,
1774580,
1766740,
1238080,
2695940,
2986370,
1933650,
1286680,
1511630,
797400,
261640,
794800,
1486630,
620620,
2835570,
1316680,
584400,
1407180,
1653970,
1404850,
978460,
2096030,
47400,
1172470,
1549970,
2521380,
1683150,
1321440,
665360,
2779570,
367520,
1426450,
2216770,
424030,
3361470,
1850960,
1962430,
350080,
261030,
1221540,
1877020,
2554670,
510500,
1721870,
909080,
3159330,
981750,
666150,
1481340,
1570330,
807120,
1108000,
1689620,
2533960,
2898270,
1425000,
1571100,
2833640,
1236990,
281610,
207490,
322190,
518150,
1545560,
546560,
1227890,
973760,
1299170,
227600,
701160,
2198070,
628070,
1927720,
1995520,
1560250,
1238000,
2195410,
290100,
916840,
2875140,
939400,
2138610,
1916310,
2244130,
2552310,
2212330,
1153640,
2986260,
1927780,
3147430,
392470,
849100,
2349820,
1111390,
2617400,
354160,
1623070,
1434950,
1803390,
1142830,
1577120,
1926520,
222750,
1722870,
911400,
1807080,
1061090,
2067050,
2096610,
551620,
2167580,
3004100,
1128860,
1225570,
237310,
314650,
872200,
1517340,
40950,
1887930,
1932260,
1063420,
1575940,
1332720,
277590,
2552430,
1159830,
407130,
312520,
2394650,
1784570,
528740,
1304930,
456750,
342180,
1857080,
2488620,
965680,
763890,
2231450,
313690,
1942280,
2296990,
1970580,
2384620,
311210,
99910,
1021100,
780290,
1669000,
324080,
1439750,
2793710,
427520,
49520,
714010,
961200,
1182020,
2218750,
1217060,
970830,
1436990,
1910860,
1043810,
261550,
2494810,
1302240,
1097840,
1476970,
3035570,
544810,
1331510,
640820,
1388770,
1654660,
412830,
3320,
2296380,
1976440,
1548850,
440,
2421410,
1266470,
257510,
1686940,
1582650,
22320,
321960,
226840,
322170,
2230980,
1794680,
515180,
3205080,
2370170,
1493640,
2604480,
294100,
3140130,
2195250,
220,
469610,
337000,
368360,
1850510,
2058180,
1018800,
460930,
418460,
1843310,
236430,
71250,
2088160,
753640,
420110,
1966720,
1561960,
218620,
2695490,
1049590,
200210,
1850740,
9420,
1082430,
632360,
553310,
225540,
1803580,
1591420,
731490,
1589120,
736190,
3393400,
509980,
2100150,
1207650,
782250,
2418520,
260210,
2582560,
438040,
1244090,
1094520,
1328990,
1171690,
24800,
846770,
728880,
965320,
1358700,
1164940,
2996040,
1065520,
2494350,
3150440,
21690,
2019810,
548570,
1182900,
356190,
305620,
1371580,
1812300,
212680,
2106520,
3156770,
7200,
688130,
1328660,
1100420,
234270,
2768430,
1119730,
1283410,
371660,
2067850,
761620,
228380,
1351210,
2400510,
10090,
3132860,
1958220,
2477010,
1898290,
784150,
2550040,
1894430,
1594940,
2208570,
2060790,
1902690,
2923390,
453090,
1492730,
1716310,
1042550,
209160,
1282270,
2108180,
912450,
1874000,
1361510,
1963040,
444200,
1622900,
2678990,
743450,
1080020,
1883000,
3830,
1931010,
1358140,
2890830,
3358510,
208580,
2384580,
1049410,
1898500,
751780,
1372530,
1819460,
1091500,
704850,
3114010,
1849900,
1444480,
2458560,
1608290,
1286830,
2634890,
220740,
1089840,
1850050,
860510,
1222700,
2358720,
2138710,
1552350,
577940,
648800,
1737110,
743890,
1515260,
3239270,
2607060,
386180,
1868140,
1961950,
7670,
386070,
1038370,
17480,
629760,
648410,
350310,
1938090,
1924360,
2366970,
690830,
1491340,
2380050,
1230530,
1940340,
1547890,
1641990,
107410,
1529350,
234330,
1443200,
1384380,
1144200,
2821800,
1089790,
321360,
1705180,
819190,
10150,
333420,
57620,
1962663,
2658470,
1094390,
1161590,
1988550,
612880,
1579880,
4500,
538030,
1343240,
1570010,
1233260,
588650,
766570,
201270,
1967820,
1802880,
292990,
603850,
1272160,
2290180,
597170,
1668510,
2865440,
1249970,
213670,
555160,
459820,
447040,
1161580,
1793090,
2459750,
761890,
1154810,
1367550,
1778820,
489830,
2816950,
1069160,
707010,
2419090,
595520,
64000,
1604000,
335240,
2113850,
2350280,
8140,
3312030,
2500750,
2878600,
1107320,
2976900,
1649080,
1113560,
1882500,
572220,
1281590,
324140,
2184570,
2132560,
837880,
1294760,
2239150,
744900,
2453060,
2192620,
1131620,
2273430,
831560,
2299900,
1742360,
2229830,
1031140,
1124180,
2060130,
1274570,
2662630,
1677770,
2333480,
813230,
992300,
2943650,
304430,
2958790,
2669320,
823500,
2782880,
1424660,
2153350,
2073850,
1939160,
1759380,
1216710,
1042380,
822240,
2443630,
1557740,
311310,
1896700,
799600,
555950,
868360,
2712550,
550650,
8500,
1891700,
1259840,
560130,
306130,
1342330,
1368820,
598980,
242680,
702120,
1262560,
1382330,
2427700,
2233120,
1694600,
890550,
47790,
1901370,
1566200,
2545360,
1422440,
1084600,
1588090,
2235150,
378540,
3074440,
1582510,
1715280,
304240,
274520,
2958970,
2701700,
377870,
2741560,
1332340,
464350,
997380,
3023070,
418240,
1366540,
1839940,
266840,
3073580,
1843760,
2365810,
1353300,
1964040,
1611430,
814370,
464450,
377860,
2153780,
1466060,
1465460,
981430,
1594320,
1089980,
774461,
531510,
274170,
907650,
2304440,
2399730,
1735700,
434570,
233860,
1836730,
1336980,
453480,
554620,
1732190,
2488590,
250900,
2909110,
760640,
365360,
680420,
1946700,
2544760,
363680,
2221920,
1211630,
2537590,
1429500,
1425350,
1150530,
1148590,
318020,
780310,
2994430,
1696810,
2056200,
304930,
2216830,
2399420,
3288600,
2530980,
2205330,
758330,
292730,
1641700,
6800,
783770,
1723780,
1180380,
2264340,
2198150,
1943950,
1580780,
1240440,
2155180,
2361680,
963930,
34030,
1823950,
357070,
2694420,
17390,
1174180,
673750,
1372810,
2338140,
613100,
464340,
1809700,
602960,
1397920,
2799930,
1593030,
2732100,
3116640,
2479840,
1372280,
2693930,
1405500,
1268750,
702670,
834740,
1100140,
2772990,
281990,
2640,
1210320,
40960,
15120,
1975580,
2881650,
32370,
990080,
230290,
475150,
2527500,
976890,
1368030,
883710,
423580,
1111460,
322520,
2680010,
682990,
1179680,
243470,
2344520,
2351560,
466560,
1455840,
637090,
761830,
1245480,
637650,
719040,
892970,
286690,
1380410,
628140,
1172380,
1377580,
240720,
1337520,
972660,
1520370,
1646850,
378760,
1307710,
410340,
2791440,
6000,
775500,
2248760,
1637320,
2495450,
2603040,
3163790,
1574820,
548430,
1087760,
1517180,
1105500,
2354330,
571740,
1671200,
1609230,
2737300,
872670,
2843640,
2340870,
747660,
130,
1276790,
2026000,
525510,
377840,
1238060,
1756020,
433340,
2455640,
2274200,
952060,
1677970,
2103530,
1683340,
1672500,
245390,
714120,
1325200,
690790,
1949220,
2386720,
1466640,
2050650,
774181,
70,
2270,
3097560,
2461850,
269210,
2782610,
873940,
2399160,
712100,
2139460,
418530,
1286990,
735280,
1771300,
253230,
10680,
435120,
3167180,
677120,
1414850,
2928520,
955900,
1585180,
1659420,
1939100,
722230,
1530160,
898890,
2975460,
1611600,
3128740,
2118120,
1534840,
553640,
394510,
247080,
1962770,
570940,
1128920,
1237980,
2822370,
2408820,
1812090,
751440,
2441700,
2445340,
2830150,
1664220,
219150,
1812370,
1714040,
1615290,
2178480,
1689500,
389430,
413410,
223470,
2190290,
1392820,
989690,
2737980,
802880,
2106840,
1159290,
2171550,
2612700,
719640,
1106840,
233450,
1645820,
987840,
2153330,
2336220,
1702330,
684410,
203750,
572890,
1116580,
483980,
2763670,
919360,
1530300,
359840,
475550,
2186680,
573090,
1397390,
1583320,
1329880,
2997980,
982290,
1518430,
265930,
1227650,
3027930,
1020790,
1206560,
1293820,
39510,
1134100,
1178220,
2530490,
2919660,
2281730,
466170,
1222670,
381210,
1357210,
1407450,
2130460,
1222370,
850170,
1612770,
1109680,
623280,
3077020,
590380,
329050,
2535830,
442120,
1277930,
1458140,
1457510,
211500,
587620,
2075720,
1318690,
2731870,
1469610,
2140330,
239140,
1378290,
1461920,
673880,
2509800,
1887840,
1906020,
427730,
1118240,
1062090,
528550,
1089090,
1810820,
3228180,
638970,
809060,
1253920,
1722860,
2726450,
602520,
736220,
797430,
2426960,
2261350,
1403650,
1605220,
3139890,
1351080,
1166860,
1507580,
1868180,
1286220,
3066570,
2279730,
24200,
1055540,
2533020,
285310,
3072450,
2806410,
435150,
2248180,
1184770,
1824840,
291650,
2230110,
1454970,
2529770,
1324340,
1524630,
1685460,
1071870,
1849790,
1827180,
1314820,
626690,
1817190,
346900,
2229840,
1159420,
1159690,
1580240,
1025600,
1919600,
1056640,
9010,
1634150,
1450900,
403190,
1948980,
1147550,
2051620,
1273100,
42700,
750920,
1202130,
2246340,
1889930,
221100,
914620,
2140020,
55150,
40980,
3226850,
242760,
1240210,
1149440,
1383150,
2840190,
1343400,
2310700,
1310410,
1465470,
262280,
1584940,
2379390,
2437170,
1237970,
333600,
2741390,
2321470,
1137750,
1730700,
2920570,
201870,
335070,
638230,
3058630,
2475490,
1173370,
265550,
2608270,
342560,
1722840,
1579380,
1629520,
1196090,
2438160,
557600,
65790,
1731270,
373930,
7600,
3029830,
2059530,
2016590,
1934680,
246900,
1874490,
1703340,
206440,
2178590,
469600,
1590910,
428660,
1059990,
824720,
2187920,
1237950,
397540,
383180,
1876890,
512900,
617160,
2379780,
838380,
320240,
2719190,
311730,
3070070,
410110,
10500,
698670,
1283700,
1995890,
1665190,
335670,
2348170,
2378900,
1975360,
2396240,
2176130,
2810780,
1897110,
1566690,
1693980,
431240,
312450,
679520,
420530,
1762570,
2116060,
466300,
2124780,
270880,
1284410,
2767030,
1811950,
1440670,
636480,
2897580,
760160,
1321680,
1622350,
215100,
2207440,
1876590,
2184580,
816340,
564230,
2492430,
1606180,
2935400,
2438680,
352400,
2272250,
399720,
238320,
1051200,
1646580,
550470,
2510710,
1360000,
493340,
1721060,
1468260,
1142500,
517630,
1534980,
2475420,
1413480,
3087650,
351510,
872410,
731650,
3028730,
1424330,
3362990,
383980,
2291340,
1967430,
47810,
2144640,
2450450,
1169040,
22330,
2537010,
2608350,
1222140,
1113000,
838310,
32360,
3114410,
750130,
2570210,
207610,
293760,
1689640,
2960770,
646270,
1454400,
1888930,
2113900,
368260,
942200,
1369630,
1644320,
1408610,
2378910,
1782330,
1466860,
739650,
349040,
632470,
1133870,
718670,
2948640,
442070,
1295500,
1681430,
21000,
789660,
389730,
3199170,
1065310,
1918540,
1931690,
1538570,
15100,
1238860,
1282150,
1113120,
895400,
238460,
1389990,
2873080,
1762930,
2206340,
1496590,
1527950,
1407200,
1136370,
1262460,
244850,
920210,
3023190,
663390,
1536090,
644830,
262410,
434650,
649950,
311290,
359600,
3034340,
242050,
24790,
2289650,
599080,
1359090,
203770,
35450,
2646460,
22300,
1621310,
1456760,
1899060,
502800,
1135690,
2357000,
220440,
919640,
669330,
6020,
1291340,
666140,
1839950,
1846330,
1643310,
1746030,
2669950,
960990,
2668510,
2027330,
2820820,
1129570,
2058750,
1672970,
113200,
728740,
1521580,
2644610,
2515020,
458710,
246420,
799240,
2254740,
2238040,
1420770,
1549250,
1217390,
817540,
3480,
610190,
1367080,
2096600,
266410,
2440380,
2095340,
2840770,
8870,
322330,
1250,
1087460,
1785650,
1139900,
230190,
1451090,
1017900,
1796720,
221910,
842100,
420000,
280220,
1677280,
2474940,
2358260,
2820110,
332800,
2013730,
105600,
718560,
1411910,
1433140,
768200,
1491200,
2399220,
1250760,
905340,
239030,
2116120,
1341200,
2916770,
2078350,
2200,
945360,
1485590,
221680,
2055290,
606150,
503580,
870780,
2072980,
841190,
1631470,
2435090,
522470,
760060,
2486740,
2318310,
1677740,
970560,
1691190,
1868000,
1739300,
2132850,
282070,
1864950,
2218970,
1085660,
2396980,
1682970,
1700270,
933820,
699130,
1979440,
2630020,
1546310,
362680,
1555110,
1859280,
1343370,
769560,
4720,
1022450,
1173770,
2785200,
239820,
2772750,
1592280,
246840,
1695830,
624270,
2647680,
2390260,
1140270,
2490990,
1229890,
1009560,
3247080,
1200230,
284160,
1928980,
1824220,
1309610,
383870,
1237320,
790740,
985830,
1154840,
2379910,
12130,
3107770,
1450120,
1432910,
386940,
792300,
1151340,
1700870,
2596420,
204530,
979110,
526160,
2008920,
813780,
65800,
1473480,
3101720,
2709120,
3265280,
3044030,
2698780,
873840,
552520,
867210,
2757490,
292140,
463530,
1239080,
312780,
1968340,
2484250,
782330,
612720,
829660,
1623940,
702050,
214510,
855740,
312530,
2699820,
65980,
745920,
1138850,
2402710,
329430,
3179860,
1948280,
710230,
2507610,
244210,
2415010,
790820,
1531540,
1844380,
722730,
2602020,
269950,
3156640,
1307550,
206420,
39500,
345350,
605740,
13540,
447020,
313160,
2413190,
1149460,
1830970,
1737870,
673610,
1409830,
2455610,
767560,
1331550,
1268590,
1991860,
1528220,
2879090,
374320,
998400,
2004640,
307690,
595690,
2310,
1840080,
520440,
2763740,
29180,
588030,
1520,
3226890,
1895350,
1619230,
3376250,
874260,
798490,
1501610,
260750,
379720,
1316910,
1564600,
1129190,
2774380,
2739600,
2353250,
2457220,
1933490,
1973710,
1493760,
757210,
3089130,
341800,
1750770,
2254890,
2458310,
1084520,
984680,
1167630,
1601580,
228280,
502280,
1461910,
2506160,
613830,
2313720,
764300,
2591280,
948740,
979690,
1203220,
908060,
1675830,
646910,
2440510,
1608070,
893850,
429790,
1805480,
34190,
730310,
1766060,
208140,
434050,
991170,
2511500,
2903160,
885970,
1328840,
421050,
2059810,
1826980,
802890,
1520470,
2225070,
2458530,
1265920,
1307890,
99900,
3173890,
3074110,
1262580,
288160,
1920780,
1135230,