582660,
2832330,
2808930,
1289670,
2897760,
1231560,
2834110,
2458860,
2289720,
1528540,
930210,
2899050,
2657120,
1073440,
2454570,
2460070,
2739590,
2485270,
1924480,
2692440,
1495320,
2580130,
2346550,
2639100,
273110,
2891040,
2706300,
2710480,
958260,
2449710,
2178930,
1126320,
3155730,
1350650,
1550600,
1034140,
1619750,
1554260,
2291680,
1002300,
2154330,
2578880,
2602760,
2273420,
2638560,
1631080,
339800,
1571200,
1264710,
1842810,
1380070,
3028150,
1732180,
2649970,
2487130,
1950450,
2441570,
3291310,
2455140,
3017450,
1905950,
1748620,
3012420,
2171440,
1223750,
1571340,
2889660,
1555910,
1754870,
2174500,
1127540,
2906370,
1309000,
2480200,
1962890,
2649480,
3044560,
1571820,
2544720,
3085640,
2458490,
1129540,
1793250,
1997480,
2708950,
3213010,
1260820,
1898210,
2553870,
2693710,
1973080,
2911250,
2651460,
2442410,
1566840,
1358750,
3381010,
1737100,
2090810,
1102930,
1813430,
2440200,
2854170,
2657030,
1958390,
823550,
2334130,
2231010,
2492780,
3250970,
1924140,
1639990,
1607130,
2459350,
1457220,
2799690,
1968840,
1794470,
2544090,
1997470,
1314630,
1753410,
1517850,
3350110,
3011560,
1802870,
2654470,
2409780,
2512190,
1745200,
2127010,
257350,
2890890,
1837230,
2532340,
1358250,
2313140,
115320,
426000,
2294730,
2735510,
944330,
644560,
2701750,
2655960,
1683430,
2261050,
1259740,
1031510,
1424800,
2308870,
1083880,
3095170,
2538370,
2173800,
1191420,
1460200,
2857880,
3002570,
2258940,
2756380,
1896170,
2651570,
3060900,
2193070,
3332860,
723090,
2986400,
2432040,
2540230,
2353700,
2274980,
1292690,
3288380,
1245610,
1333360,
1897120,
2283200,
2573100,
2218930,
2069640,
1508570,
2994790,
3135930,
2688650,
1045520,
1205950,
2994260,
2122830,
1997460,
1414660,
2126680,
2442390,
2610080,
2650590,
3332070,
1630080,
1590730,
2647060,
1687670,
1901620,
2685500,
896890,
1941000,
2704140,
2534120,
2925690,
3016920,
3172190,
2442400,
2652490,
1684170,
1222750,
2246300,
1863670,
1997420,
1394800,
1754860,
2384600,
2925580,
1520500,
1738990,
3333360,
2951780,
3227350,
2328750,
1724190,
2827610,
2799920,
2053940,
1683560,
1846920,
2471650,
1987980,
1974520,
1973580,
2672510,
2396740,
3112280,
1576240,
2219000,
3017700,
3044550,
1849000,
2638100,
1783110,
1360980,
1412310,
557180,
2420460,
1757490,
1435010,
1224160,
2661620,
1148150,
3067200,
2781250,
2651500,
1418760,
3250980,
3414060,
3298170,
2937670,
3277480,
2370140,
2866440,
3207250,
