730,
2246340,
578080,
570,
2001120,
252490,
3240220,
1203220,
2767030,
1172470,
271590,
431960,
2943650,
359550,
2507950,
1771300,
236390,
413150,
3241660,
2669320,
1086940,
2252570,
394360,
230410,
221100,
322330,
1245620,
1366800,
440,
1174180,
1938090,
227300,
289070,
1222670,
1623730,
2694490,
582010,
438100,
1281930,
553850,
2429640,
251570,
346110,
105600,
1782210,
381210,
2878980,
1091500,
2358720,
489830,
108600,
250900,
1085660,
1295660,
2300320,
892970,
294100,
238960,
2139460,
1142710,
2357570,
550,
2399830,
4000,
379430,
1426210,
261550,
1449850,
427520,
1158310,
813780,
1364780,
629520,
292030,
1973530,
1905180,
236850,
3205720,
3419430,
513710,
322170,
646570,
284160,
582660,
916440,
739630,
8930,
2379780,
1551360,
2185060,
526870,
1818450,
393380,
1568590,
1599340,
766570,
594650,
252950,
1238840,
1329410,
281990,
1623660,
377160,
1203620,
240,
39210,
275850,
1325860,
1466860,
218620,
1049590,
552520,
1238810,
304930,
1966720,
10,
1446780,
1454400,
990080,
993090,
1248130,
2073850,
1665460,
1422450,
255710,
761890,
244210,
1172620,
548430,
306130,
648800,
2231380,
107410,
1476970,
376210,
291550,
2016590,
1677280,
1942280,
2709570,
365670,
2909400,
1293830,
1874880,
949230,
2183900,
1326470,
552990,
812140,
457140,
960090,
814380,
436150,
359320,
2344520,
534380,
1920960,
1283970,
2195250,
444200,
2426960,
242760,
714010,
1465360,
374320,
2074920,
1222140,
728880,
1468810,
1643320,
1063730,
1282270,
2384580,
367520,
1687950,
1144200,
270880,
3188910,
529340,
2763740,
2670630,
686810,
1517290,
1145350,
440900,
2050650,
1407200,
779340,
435150,
1250410,
239140,
1151340,
1778820,
2141910,
700330,
1260320,
1904540,
3167550,
392160,
216150,
286160,
3109580,
214950,
632360,
933110,
2338770,
397540,
2707930,
1267910,
690830,
1229490,
1934680,
2067920,
1812620,
1366540,
1361210,
2471100,
2221490,
412220,
1677740,
2051620,
2250040,
244850,
262060,
985810,
1118200,
518790,
233860,
588650,
231430,
2208920,
2437170,
48700,
1401590,
1943950,
2349820,
945360,
1363080,
264710,
431730,
1868140,
2457220,
3471350,
2651280,
582160,
1066780,
1604030,
2294660,
1932640,
2186680,
1139980,
835570,
4700,
2325290,
1129580,
1284190,
703080,
1258080,
1145360,
268500,
1009850,
304390,
1286830,
1621690,
219990,
2808930,
3061810,
1716740,
1062090,
1149460,
552500,
2488620,
8500,
2369390,
962130,
356190,
1794680,
602960,
2215430,
1659040,
1119730,
380600,
644930,
1447430,
977400,
815370,
1997040,
2537590,
1973710,
221380,
1527950,
3199170,
2376580,
2322010,
881100,
305620,
1284210,
400750,
1328670,
1627720,
2567870,
232090,
22380,
466560,
585420,
1562430,
2622000,
220240,
1147690,
570940,
877280,
784150,
427410,
505460,
2071280,
1184370,
1482520,
49520,
10500,
2646460,
1681430,
2679460,
613100,
3003300,
298110,
1167630,
544810,
400040,
1721470,
2420110,
699130,
805550,
1669980,
627690,
880940,
220,
2881650,
1259420,
620,
3590,
976730,
2161700,
12210,
1891700,
34330,
3070070,
2135150,
208650,
1881610,
2385530,
594570,
899770,
311210,
1244460,
2427700,
1824220,
1593500,
242050,
220200,
1304930,
655500,
1569040,
323190,
1290000,
1876890,
2527870,
363970,
495420,
2399420,
2933130,
924970,
2141730,
669330,
1535560,
325610,
3107230,
3301060,
1180320,
335300,
1239080,
2842040,
958260,
2103140,
386180,
72850,
1811260,
1787090,
297000,
872410,
1222680,
1669000,
1546320,
2445690,
1173510,
477160,
2591280,
1158160,
2379740,
2229850,
1313140,
2003310,
2054970,
1128810,
2495100,
632470,
824270,
3112010,
361420,
268910,
307950,
1336490,
1180380,
287700,
1343400,
939960,
516750,
2321470,
1812450,
2336220,
1817070,
2551020,
3416070,
895400,
1189490,
787860,
1237970,
1057090,
219740,
1325200,
597180,
601510,
581320,
1102190,
8800,
32470,
387990,
2273430,
412020,
1462040,
1919590,
2527500,
2904000,
2205850,
1013320,
767560,
1369670,
2290180,
1371580,
3231090,
1465460,
289650,
1845910,
976310,
2072450,
2732960,
438040,
203770,
786520,
3097560,
1690710,
460930,
433340,
2169200,
2698940,
573090,
1468260,
668580,
386360,
670290,
2776450,
1888930,
1477830,
2479810,
1432860,
1797880,
2827560,
40970,
459820,
1282100,
1283700,
3910,
337410,
883710,
1449560,
1190970,
1147560,
694280,
365590,
1774580,
2524890,
1259970,
391540,
493520,
1483870,
1506830,
1106840,
504230,
1217060,
47890,
934700,
646910,
1948980,
1062520,
228200,
1190000,
1940340,
1029690,
1201240,
212680,
625960,
635260,
1113000,
1272080,
1044720,
881020,
1256670,
2142790,
389430,
782330,
2515020,
212500,
508440,
2832330,
391220,
2484110,
1850570,
3094010,
2408820,
492720,
1790600,
3198850,
2840770,
1240440,
2677660,
1928420,
568220,
1611600,
2140020,
2772750,
3037410,
3035570,
383120,
282070,
1815780,
588430,
1418630,
2962810,
1151640,
1169040,
701160,
1263850,
2918150,
1270580,
1100600,
535930,
2878420,
34030,
1206560,
2688950,
1336980,
2281730,
552100,
365360,
3244220,
1084600,
1046930,
1635450,
2315690,
848450,
244450,
1599600,
2835570,
2819520,
2582560,
2232880,
637090,
1397920,
241930,
2903690,
1384160,
382310,
4940,
601150,
2113850,
1625450,
705210,
252530,
2962300,
3314070,
1549250,
475150,
1274570,
22330,
1213210,
3424520,
333420,
1594320,
1399720,
1708850,
1995520,
2157560,
2855560,
719890,
977950,
1676840,
690790,
787480,
3114410,
1041320,
638970,
360430,
1144400,
1971870,
1846380,
2916430,
404790,
599140,
223750,
1888160,
211820,
1353300,
466170,
444090,
3247080,
3059070,
753640,
371660,
2225070,
1196590,
1211020,
750920,
1029780,
972660,
885970,
3393750,
1235140,
33230,
1056640,
551170,
1324130,
1092790,
9900,
1022450,
233450,
774171,
1583320,
329110,
2167580,
2494350,
39510,
2967990,
663090,
641990,
1533390,
493340,
312660,
203160,
2420510,
1435790,
234140,
494840,
619820,
471710,
9420,
1237950,
860510,
2418520,
1172380,
2668080,
266840,
1335200,
1124300,
1458140,
200210,
200260,
1911610,
2634950,
373420,
1607250,
312520,
3217240,
1084160,
24010,
1840,
1367080,
744900,
3376250,
524220,
2683150,
603850,
1068820,
629760,
469600,
2450700,
1030840,
1827180,
9450,
2333480,
335240,
2080690,
1222700,
311690,
702320,
2666510,
225540,
1877960,
1210320,
1922560,
2384620,
1273400,
379720,
628070,
2764370,
1404210,
346900,
1040200,
2103130,
707010,
243470,
1296830,
223850,
544730,
286690,
704450,
2526380,
1520470,
4760,
2138710,
1491000,
1659420,
2089600,
70,
1017180,
975370,
3224420,
1451940,
2593370,
362890,
1096530,
640820,
2951630,
2315400,
1017900,
527230,
418370,
2051010,
1574360,
445220,
17480,
1520370,
1442430,
3092660,
1649080,
304050,
1419170,
2890830,
488790,
2684500,
1575940,
1096900,
109600,
920490,
671860,
3399950,
1066890,
2291060,
1284410,
387290,
1637320,
1243830,
1149620,
665300,
1699480,
447040,
2066020,
363890,
2000950,
1097150,
838350,
621830,
232890,
209000,
3352180,
218230,
2289450,
636480,
291650,
768200,
1105420,
204360,
2644470,
1094780,
799600,
2218750,
1898300,
2288150,
17390,
2221920,
246620,
794260,
359870,
1343370,
872790,
489630,
453480,
253710,
386940,
961200,
20900,
1660080,
1657630,
1238860,
648100,
2820820,
1948800,
1961460,
920210,
3433810,
1974050,
213670,
3900,
1509960,
24790,
3146520,
2275020,
35140,
2963840,
2725260,
911400,
1385380,
960170,
560130,
1069660,
287450,
200510,
1030830,
3328600,
729040,
464920,
3308670,
2897580,
2162800,
20920,
2208570,
1536610,
897450,
2552430,
1644960,
774361,
3339420,
1987080,
2014780,
1331550,
1849250,
397900,
3358510,
24810,
1286680,
433850,
2064650,
493490,
1197260,
2394010,
2026820,
2751000,
1976440,
1875830,
2198150,
1377380,
2826180,
251060,
254700,
784080,
22490,
1693980,
502500,
2791440,
2124490,
784950,
1809540,
1222690,
221040,
992070,
349040,
287390,
412830,
2103530,
3330,
955900,
280680,
1295510,
403640,
1898830,
1817190,
1545560,
1954420,
2750000,
389730,
312060,
2273980,
1971650,
1276390,
2586520,
2315040,
1863430,
221680,
1176470,
2739590,
1969870,
1584090,
1449690,
769560,
1332010,
1127400,
2892880,
1766060,
307690,
2458860,
1007040,
2668510,
1333350,
588030,
113400,
2440510,
1072040,
2668430,
48190,
224260,
2108330,
242920,
1170950,
269950,
2009350,
3402530,
1702010,
1150690,
863590,
610080,
1601580,
1162520,
620980,
2761670,
2828860,
2561580,
2455640,
637650,
460920,
2725560,
994910,
92,
3064370,
211500,
1426450,
1296610,
698780,
692890,
939400,
2894940,
203140,
21690,
1763250,
2203070,
629730,
2079120,
851850,
2698780,
269210,
2276930,
2525380,
666140,
1593350,
1054490,
834910,
400,
1547000,
24800,
363150,
314160,
3058630,
454650,
273110,
364360,
850170,
368260,
1984020,
1281630,
368500,
2239550,
1171690,
859580,
624090,
2439510,
1574820,
714210,
392110,
756800,
413410,
952060,
736220,
1682970,
413420,
1782120,
675010,
1416920,
431240,
2586650,
2780980,
65540,
1641960,
1097430,
1338770,
1286220,
1683150,
843380,
480490,
39500,
410340,
1272320,
1985810,
872670,
228280,
1437830,
3347400,
361280,
2538150,
1451190,
42960,
482730,
780290,
919640,
648350,
2212330,
898920,
868360,
1812820,
2069310,
1467450,
2529520,
544550,
3138780,
1605220,
367500,
223470,
1504980,
293760,
1360000,
424840,
248390,
47810,
2739600,
1114150,
780310,
1714040,
1629520,
311560,
223710,
1583230,
3089130,
463530,
2239150,
1042550,
2239140,
1557740,
1259790,
1207650,
1686940,
418460,
249130,
12120,
1118310,
230290,
3103840,
1488200,
321960,
1127500,
3174070,
410900,
3285700,
2271930,
1672970,
1522820,
261640,
2248760,
736190,
331470,
1250,
2989820,
2344320,
2201940,
897330,
447020,
2187220,
2279730,
524660,
1857090,
1473350,
546560,
742420,
485510,
1644320,
865360,
2058190,
2868860,
1948280,
311310,
39140,
2252590,
451340,
228180,
1501750,
1158940,
1105670,
1718570,
105450,
3247270,
1437880,
10180,
500,
704270,
1694420,
800270,
738520,
1238000,
1977530,
257350,
3187030,
313120,
2739990,
1486350,
1141530,
736590,
2346550,
285900,
22320,
2478970,
2163330,
1881700,
1134100,
2231450,
268850,
2154770,
858810,
47410,
42700,
1455840,
365960,
8870,
2429860,
926990,
4500,
2570210,
80,
891040,
1377580,
1498570,
268650,
205100,
1630280,
388080,
383150,
3178350,
1611910,
2406770,
2114740,
228380,
201810,
1526490,
2027330,
1650010,
834530,
3447690,
2254890,
704850,
2696050,
1034160,
896660,
2510960,
612880,
1478220,
736820,
409710,
3123830,
1970580,
65980,
2495450,
672680,
291480,
24200,
2589920,
502520,
1341290,
1245480,
567640,
1364390,
550470,
850190,
3300410,
333640,
1562700,
1928980,
870780,
15370,
3017450,
1493640,
2995470,
418030,
1159690,
1929610,
1016920,
371970,
274170,
2186320,
1089350,
2608270,
1307890,
1651560,
378120,
235460,
7940,
2928520,
2581700,
2058180,
22370,
2457540,
2358260,
1369320,
753650,
24780,
2477340,
2229870,
1135690,
1801520,
239030,
213610,
1227890,
550650,
2756770,
1689500,
1265820,
2569510,
927380,
339600,
2701660,
1150440,
751780,
2346410,
1465470,
1433140,
1182900,
470220,
1649730,
740130,
1063420,
979920,
236110,
1268750,
278080,
2458530,
3357250,
2052410,
208580,
10090,
3174480,
3052450,
1262580,
875210,
673950,
377840,
2849080,
3319980,
2692440,
1927780,
1641650,
1357210,
799960,
319630,
2977660,
2194530,
2695940,
1874490,
1267540,
976620,
774801,
42680,
2401970,
921570,
2370570,
307780,
678960,
374980,
1237320,
1161580,
1259980,
16900,
2334730,
674940,
2756920,
1818750,
266410,
2486740,
1361350,
1318690,
758190,
621060,
41700,
839770,
1105510,
678950,
631510,
1549970,
1071870,
1588010,
337320,
19680,
2187290,
476600,
2459550,
489520,
295270,
4580,
201870,
16810,
1989270,
1865780,
1088850,
1670460,
719040,
285920,
40960,
2074800,
1537830,
418530,
298050,
1634680,
1254120,
15170,
1173370,
595520,
326460,
200710,
883860,
2415010,
2073250,
78000,
2217000,
2873080,
2711030,
3079280,
1188930,
2963870,
1351080,
752590,
466240,
212200,
2920270,
2704110,
2026000,
1790310,
760160,
304430,
238320,
1422130,
2641470,
1746030,
1162750,
1785650,
268400,
512900,
2396980,
1761390,
1731270,
1530300,
611500,
55150,
1128920,
342200,
745920,
569480,
1282730,
571740,
346010,
10190,
1048370,
978780,
606150,
332850,
2854740,
946050,
573100,
15100,
1369630,
3135530,
56400,
1266540,
274190,
220700,
617290,
590380,
517630,
1016800,
720620,
32370,
1371980,
1352080,
673750,
1202130,
527430,
292120,
270150,
415200,
2767520,
2190290,
996580,
616720,
2530980,
2501600,
1859280,
1158850,
43160,
2536960,
2229880,
1499560,
1016950,
712100,
562430,
842980,
458750,
1277400,
645630,
603960,
330020,
2484250,
1249970,
1122340,
261570,
1280770,
1164940,
979110,
55230,
3260140,
429050,
1360810,
863550,
521890,
240720,
2818260,
289130,
285190,
3194550,
2088570,
1364210,
2356780,
1286580,
1041720,
647960,
578330,
447530,
867210,
1606180,
1566690,
1951410,
597170,
470310,
394510,
215080,
3121110,
1351240,
1089090,
375450,
337000,
1967630,
1147860,
418240,
682990,
300,
937310,
288390,
234330,
204880,
3112260,
1991040,
1126320,
1072420,
2059170,
1784570,
1448440,
1382330,
960990,
242550,
952860,
226840,
65800,
3408110,
3263320,
231670,
2772560,
846770,
2361680,
2140510,
673610,
3275270,
758690,
1827980,
1252780,
206480,
2716400,
2453360,
1902960,
1288320,
1009560,
835960,
20510,
728530,
222880,
2701510,
1700870,
1307550,
1278540,
1012880,
1469610,
302670,
239820,
39540,
2178480,
1407450,
898750,
837470,
48220,
1999770,
996470,
681280,
113200,
225840,
2244130,
1937500,
503940,
3094130,
1578390,
718670,
604500,
1134710,
2021910,
477740,
362620,
1963370,
1266630,
861650,
633230,
50130,
2305790,
563560,
110800,
1842810,
1241100,
773790,
15620,
777130,
645260,
2511500,
885570,
414700,
375910,
307960,
1025600,
611670,
2200780,
1262540,
214730,
2181940,
1367550,
1097840,
290080,
219150,
2513280,
1859910,
1245560,
1121560,
553520,
71270,
2063610,
369990,
368070,
3443610,
3066060,
1218210,
2630,
2280,
3013550,
2786680,
1105500,
858820,
1830970,
1262350,
1232420,
235900,
2768430,
1750770,
212910,
40100,
1002300,
872200,
3035500,
1419850,
214490,
4850,
3428620,
908520,
528740,
3328720,
2674590,
700600,
610370,
288470,
2155180,
1342330,
647830,
578650,
282440,
1451090,
1276760,
312070,
1474700,
1034140,
1028310,
719640,
352400,
33930,
3244210,
2396910,
1496790,
848480,
482400,
3314060,
1658040,
1546990,
841370,
341800,
40950,
3036080,
1674170,
1436700,
966610,
788100,
627270,
1113560,
3362820,
1466640,
445310,
1388880,
1293820,
858210,
674020,
600750,
2485460,
1089980,
384180,
246420,
2990,
2171440,
1416260,
1350650,
1324780,
823130,
2591410,
2454570,
2285150,
747660,
285310,
1658150,
987840,
813230,
589530,
555570,
2994020,
2754380,
2707940,
444640,
429790,
238090,
2375550,
354290,
223240,
1201540,
967050,
2138610,
779360,
246900,
19900,
2811830,
1860510,
1671200,
1001270,
3427090,
2075100,
1870300,
314650,
12200,
3620,
1895880,
1253920,
586140,
206420,
3269960,
1902690,
1696440,
871720,
204100,
2500750,
2211170,
1687670,
1244090,
1128860,
582500,
537180,
532210,
48000,
1220010,
3156770,
2140330,
997010,
3359320,
3347670,
2402710,
1782380,
1588530,
1088710,
326360,
32440,
2433470,
1148760,
814370,
3060770,
2955300,
825630,
690640,
238010,
3990,
2296990,
1280930,
781030,
680420,
3204250,
2860000,
2289720,
1225330,
1138190,
1113120,
2961880,
2322560,
1577120,
1238040,
1157390,
1869590,
1540960,
884660,
826630,
667970,
40300,
1592190,
343780,
205710,
2957700,
1985170,
1692250,
1581770,
1139900,
1567800,
1536090,
1328660,
677620,
312450,
2273420,
632300,
411300,
736260,
2315430,
1559600,
1509510,
1262560,
589290,
2552450,
1585180,
1080020,
458710,
207610,
16700,
1829980,
628050,
2064870,
1905950,
1796790,
2328750,
2230110,
1388590,
476620,
402840,
13520,
1190460,
373930,
3287520,
1277930,
2084000,
1368820,
731490,
443110,
366090,
3010230,
2706170,
2351560,
304240,
236430,
2536260,
2401410,
2346660,
692850,
555160,
409720,
2132850,
1850740,
1352330,
310950,
214510,
48720,
3132860,
2899050,
1599660,
1337520,
1017100,
683900,
378760,
324160,
242640,
3084280,
2719160,
1160750,
1131620,
327030,
1609230,
1556790,
1129190,
601840,
403190,
2124120,
2015270,
1475810,
1123770,
601360,
211420,
3395140,
2096600,
1953520,
1713350,
1619750,
1372110,
2145,
2942780,
2897760,
2853730,
2161440,
1645820,
1313860,
994280,
1805480,
1477070,
11020,
2403,
1920490,
1204050,
1182020,
1026680,
2230980,
1525700,
1473480,
1080110,
599390,
450540,
378860,
374280,
363090,
2338140,
1230140,
1135230,
874390,
2864890,
1031140,
973580,
850320,
304410,
287290,
1257290,
1150640,
383980,
245620,
1321440,
907650,
405310,
386070,
301120,
247080,
38410,
2395210,
383870,
3217600,
783770,
482920,
372000,
327400,
201230,
42710,
986130,
324080,
212160,
2828500,
2663950,
2647680,
2084940,
1709920,
1658280,
1225570,
1280780,
1141020,
644560,
287980,
2644610,
2594540,
2168680,
1404850,
2719030,
1238820,
475550,
448510,
2916770,
2821800,
1737100,
1278480,
2674290,
1334010,
1295500,
1166290,
314000,
2718190,
2068280,
1196310,
274920,
251150,
96810,
2180600,
1029550,
391730,
269770,
2719290,
1573360,
1292630,
538030,
301640,
2695490,
2069040,
1892030,
1250760,
981600,
383180,
12110,
1817800,
202970,
24720,
4570,
320,
2422870,
1874170,
1715130,
965580,
897220,
814480,
427730,
207890,
1481080,
1166860,
345260,
8980,
2386720,
1548850,
1264710,
770810,
385770,
350080,
329050,
42690,
2626940,
2389040,
1985820,
1701520,
1056570,
377530,
315210,
2226700,
1444480,
1420770,
468920,
91720,
21130,
2933080,
1468720,
394690,
339610,
48240,
3108510,
1957780,
1931770,
1607680,
1191420,
410980,
324810,
280220,
257510,
1684350,
933820,
613830,
388410,
303310,
2399220,
2096610,
1890860,
1571200,
1036950,
718850,
622650,
3025290,
1966900,
1011510,
789100,
763890,
355790,
2639100,
2067850,
1865060,
1144170,
900040,
757210,
747610,
553420,
497670,
268050,
210970,
39120,
3077020,
1099410,
666860,
427290,
238460,
2656540,
2553870,
2475490,
1887840,
1718870,
1434480,
1044620,
808290,
601430,
434650,
386750,
35450,
1793250,
1612810,
978300,
306020,
226860,
3051280,
2776900,
2449710,
1455910,
1279510,
71250,
3184110,
2059810,
1942660,
1810920,
1608070,
1583720,
797430,
734750,
495910,
462780,
1533420,
237310,
3267430,
2710480,
2580190,
536270,
257420,
217490,
1843760,
1839950,
6060,
1825750,
1334000,
1179680,
839200,
3167180,
2438990,
1614550,
1604000,
1229380,
1173820,
976590,
313160,
247000,
2540100,
2513240,
2366980,
1755920,
1621310,
1531540,
1408610,
1268590,
1040230,
983870,
3066570,
1643310,
1462810,
1262240,
1215390,
541570,
276810,
217200,
42750,
2936310,
991780,
339800,
3100110,
1988550,
1604380,
1372530,
960910,
859570,
531640,
253230,
212070,
2963880,
1477590,
1396240,
1272160,
605740,
374040,
21000,
3196540,
3069470,
2590150,
1649240,
1275350,
1240210,
2375780,
1134700,
970830,
813630,
292730,
3320480,
2909110,
2392520,
2264140,
2253720,
429660,
393420,
2421410,
2342950,
1858630,
980610,
575720,
3150440,
2343650,
2294730,
2116120,
1811990,
1421250,
1388770,
1340480,
1140150,
985890,
488860,
332950,
223250,
17520,
1822060,
1332720,
1073440,
997070,
517790,
40980,
2151290,
1263860,
1024020,
895870,
587620,
298610,
202990,
2816950,
2806410,
1457320,
1231560,
1175730,
1022980,
829110,
628890,
427100,
8190,
2834600,
2492430,
1696810,
1178490,
593600,
566050,
448280,
108710,
73170,
3495810,
3021100,
2888120,
2445660,
1785150,
1283400,
1205970,
1088090,
363110,
207490,
1999360,
285330,
1767560,
944770,
914800,
459220,
1222800,
1094520,
790710,
683320,
282800,
6860,
2460070,
2358050,
2076010,
1801110,
1702330,
1611410,
1177980,
1124180,
648580,
446800,
251290,
248170,
239160,
2495980,
2495050,
2362300,
1964220,
1807080,
356500,
217980,
3211680,
2124680,
1980920,
1975520,
1874910,
1692080,
1294760,
1252330,
38400,
2850190,
909080,
681820,
567630,
564530,
424370,
2485270,
2109460,
1896700,
1170970,
1134570,
1088790,
755800,
678800,
3000030,
2736860,
2088840,
1803580,
1580240,
738540,
602320,
368340,
289520,
2707900,
2667960,
2519830,
1154840,
990630,
933480,
753420,
538680,
2371630,
1530160,
1436990,
792300,
262410,
2369900,
1850510,
1837970,
1481340,
973760,
45760,
3289580,
2167960,
1534980,
1003590,
757320,
4920,
1703340,
1078730,
460790,
366220,
233270,
1968340,
1106530,
235600,
2302660,
2144740,
2115390,
1649950,
1054510,
794600,
611790,
606880,
222480,
12360,
2750080,
1309610,
831560,
663390,
359840,
311260,
2131650,
1705180,
1546970,
1458100,
1330000,
601050,
493900,
491950,
4560,
2951770,
2106520,
1278060,
998940,
965200,
842780,
830640,
406290,
352720,
313690,
3274300,
2693930,
2518630,
2389120,
1745200,
1201230,
672870,
641320,
544750,
453090,
404410,
203350,
2229840,
1677350,
1648390,
1250790,
1063660,
992300,
598810,
342940,
292000,
250520,
111710,
55280,
2789460,
2015240,
1954200,
1879330,
1672500,
1265860,
816340,
653530,
321800,
47780,
41070,
17575,
3920,
740,
3103930,
1817230,
1173810,
654890,
607080,
537800,
310560,
220440,
2128270,
1700270,
1262460,
1028630,
954850,
491540,
274520,
32510,
3177920,
1956800,
1769170,
1140620,
1121640,
743450,
628080,
584400,
552620,
397350,
311770,
108200,
2903710,
1547890,
991270,
914620,
887570,
442120,
1941780,
1755830,
1683560,
1372280,
445980,
410320,
384300,
283640,
265550,
34220,
2291760,
2144640,
1703140,
1653970,
1227530,
29720,
2100,
50,
2994430,
1724190,
1353230,
962730,
760640,
628060,
282140,
243750,
236690,
2291680,
1238060,
1061090,
684450,
39150,
7200,
3152590,
2005010,
1811950,
1515210,
1292690,
659540,
577800,
2676840,
2379390,
2321430,
1847520,
1510460,
1392960,
1065310,
948740,
606280,
302550,
207140,
203300,
2903950,
1937480,
1874000,
1709400,
1668540,
1369470,
1198090,
954740,
774861,
737800,
397340,
367670,
319510,
285160,
25900,
3139890,
2402420,
2378900,
1775490,
1482860,
1286880,
1108270,
1031500,
514360,
332310,
3480,
3350140,
2596880,
2544720,
2111630,
1591600,
1302240,
1196630,
1189630,
777390,
761620,
668630,
460950,
329430,
265930,
201790,
63910,
57690,
1944430,
1084520,
937380,
324800,
253250,
2797340,
2324090,
2093940,
2019810,
1753410,
1690800,
1410710,
1163550,
292990,
244160,
3068300,
1895300,
1732180,
1634860,
1252600,
882100,
607260,
590830,
437920,
302510,
40990,
2380050,
1511630,
1437820,
1310410,
1076200,
942970,
903950,
688470,
559650,
345240,
259680,
230190,
3107330,
3039040,
2693120,
2560050,
2288630,
2128480,
1949770,
1712830,
1424800,
1070820,
420000,
391000,
298030,
222440,
2920570,
2667120,
2479830,
2353250,
2313330,
2218400,
2190220,
2173800,
1963040,
1593030,
1563180,
1364290,
1356670,
1079260,
894020,
679900,
242680,
212542,
99910,
1946180,
1230530,
1229240,
1161770,
951240,
666150,
656350,
424030,
385760,
43110,
7600,
2540630,
2287220,
2012510,
2005160,
1775390,
1216710,
899440,
758870,
688420,
506140,
2320,
2950340,
2376170,
1915380,
1223750,
775500,
667890,
312530,
294420,
222840,
3164300,
3039140,
2440380,
2199970,
2143680,
1301720,
1043260,
981430,
758370,
751630,
656880,
393080,
378540,
252610,
41005,
3279120,
2458490,
2231300,
1962770,
1740720,
1597480,
1544020,
1463120,
1380410,
829590,
793460,
790820,
414340,
2983250,
2178420,
1723780,
1656780,
1432050,
1179580,
1096710,
1020790,
795630,
735280,
731040,
675690,
667530,
629820,
589870,
375480,
339340,
3508770,
3222960,
2972990,
2742140,
2627540,
2597080,
2106670,
1574580,
1289310,
1266840,
979690,
951440,
710920,
589360,
579180,
253900,
225640,
7620,
635,
3399400,
2996040,
2654540,
2423620,
2178590,
1887400,
1735700,
1137300,
1018830,
979120,
415600,
334920,
12320,
2635670,
2181610,
2008100,
1973970,
1437760,
1214470,
1182110,
979710,
799240,
532110,
526160,
456750,
296490,
213330,
212480,
34120,
2521380,
2366120,
1980530,
1450900,
1292940,
1265920,
1206610,
1070330,
1003400,
928600,
837380,
738060,
674140,
641780,
292140,
215360,
43210,
9480,
3300020,
2820140,
1777760,
1568400,
1543030,
1307710,
1263550,
1101120,
1076160,
979060,
829660,
673560,
583010,
372800,
203290,
6800,
3380760,
3362990,
3107770,
2392500,
1862520,
1571190,
1178790,
871540,
673880,
505230,
30,
2749770,
1371630,
1361510,
1244800,
1031510,
886250,
829420,
798460,
750130,
250320,
3111080,
3027930,
2302990,
2000890,
1610440,
1473060,
1316680,
1069160,
965320,
957720,
807120,
513000,
434170,
204450,
40390,
3011560,
1937780,
1896170,
1786790,
1279610,
1137750,
914710,
761830,
591740,
249230,
204300,
2289650,
2186360,
1796220,
1440670,
1056960,
994730,
978460,
971620,
236870,
200170,
2700950,
1926520,
1858650,
1794960,
1675900,
1564600,
1563940,
744190,
702050,
593030,
544610,
359390,
301320,
298630,
209160,
90,
3471280,
2738380,
2021880,
1949740,
1941000,
1809700,
1771980,
1501610,
1490890,
681840,
615530,
568880,
3261010,
2989770,
2917030,
2435090,
2328760,
2294090,
2077750,
1924480,
1840080,
1567020,
1550010,
1343670,
1283410,
1262600,
1100620,
1062810,
260230,
224900,
47700,
21970,
3099000,
3098470,
3008200,
2591210,
1672740,
1664490,
1606340,
1262060,
1115690,
1046030,
962400,
614910,
577230,
541210,
501300,
367450,
245170,
15210,
2310,
2865580,
2479320,
2236070,
2119270,
1476360,
939850,
838380,
822240,
809230,
747200,
614570,
564230,
290730,
261030,
33350,
17505,
3096620,
3021540,
3017120,
2912110,
2109370,
2084050,
1990690,
1708520,
1681060,
1470110,
1136380,
1043810,
893850,
785770,
644830,
317600,
265630,
244310,
204340,
21090,
3113230,
2928280,
2762230,
2706300,
2466680,
2383020,
2175540,
1631470,
1602010,
1481170,
1437840,
1378990,
1071100,
1024650,
861540,
774181,
515180,
496460,
22130,
9880,
4890,
3469850,
2411910,
1084020,
936790,
677120,
237410,
99900,
57300,
3042830,
2770460,
2331330,
2303350,
2206270,
1562420,
1372810,
866800,
572890,
406550,
313480,
242860,
227320,
208200,
208050,
10540,
3023190,
2494340,
2431880,
2420660,
1799370,
1761380,
1578650,
1259440,
1232580,
1218740,
1157250,
1100260,
970570,
748490,
658850,
362960,
362680,
3115010,
2936410,
2682580,
2086430,
1968730,
1910680,
1898210,
1810580,
1587130,
1519090,
1335790,
770240,
612020,
25890,
1273,
2179850,
2008920,
1833750,
1775550,
1191330,
1178400,
918570,
782670,
420530,
375530,
357190,
2703850,
2440960,
2356560,
1827650,
1668520,
1502970,
1361320,
1220140,
1016120,
953490,
951830,
860890,
650760,
564310,
562010,
509980,
432350,
9350,
2617400,
2594920,
1875060,
1727650,
1486630,
1443200,
1424330,
1042800,
968970,
803050,
604540,
474960,
57730,
2820,
2881800,
2730540,
2654860,
2510770,
1895630,
1671340,
1641700,
1413480,
870200,
640590,
626690,
323470,
232910,
115320,
71340,
3310,
3480730,
3098070,
2502760,
2430830,
2197910,
2113920,
1737870,
1652250,
1355090,
1337760,
1173780,
965300,
915320,
752580,
496300,
290340,
249050,
3071510,
2820130,
2505570,
2238900,
2100160,
1822550,
1308700,
969990,
803600,
404730,
248570,
209650,
40800,
22100,
10150,
6020,
3361470,
2438160,
2178930,
1889620,
1843940,
1677310,
1611430,
1434950,
1157700,
846030,
678900,
638230,
564710,
478980,
382110,
212630,
201310,
32430,
17410,
2410490,
1895350,
1608290,
1590320,
1521580,
1443820,
1380070,
1245430,
996770,
503770,
485610,
351030,
348550,
333600,
317400,
238370,
206440,
3442040,
3291100,
2843640,
2788310,
2734450,
2207490,
2131640,
1562940,
1559390,
1530340,
1465550,
1358700,
1208080,
1148350,
548570,
466300,
394310,
205610,
204120,
13500,
2620,
2959610,
2631960,
2410170,
2131630,
1881200,
1702140,
1668940,
1574000,
1553000,
1491410,
1429500,
1350840,
1281590,
1114420,
623990,
531510,
441550,
376680,
370730,
288160,
215100,
20570,
3170,
3225010,
2992240,
2707490,
2340650,
2093410,
1909840,
1685460,
1102930,
976890,
555950,
520440,
476460,
321040,
239350,
226320,
2195120,
2116060,
1970460,
1506980,
1410640,
1288310,
1100410,
965310,
684410,
585410,
407130,
35720,
2899890,
2564660,
2531940,
2477010,
2172010,
1938010,
1863750,
1638220,
1522870,
1349540,
1255630,
1205520,
1173790,
1173770,
1104280,
1049410,
930210,
874260,
715670,
519860,
3298250,
3228180,
3151320,
2229830,
2098350,
1972440,
1794470,
1487210,
983380,
780210,
597820,
341940,
334230,
289950,
15120,
100,
3029820,
3029540,
2976720,
2961530,
2281410,
2193540,
2147380,
2071500,
1963570,
1849790,
1764530,
1754720,
1668510,
1416960,
1287840,
1236720,
1222730,
973230,
562360,
525480,
428690,
322500,
321360,
315660,
311340,
9200,
3320,
3401000,
3183350,
2779890,
2730530,
2562730,
2485190,
1983260,
1977170,
1955830,
1776970,
1507580,
1422440,
1271700,
1260520,
1184770,
598330,
502570,
456610,
336150,
223100,
222940,
39550,
34870,
10680,
9310,
211,
3002090,
2784840,
2696480,
2400510,
2308870,
2190210,
1960270,
1575870,
1437860,
1359090,
1239320,
1180660,
1047440,
991710,
834740,
794800,
688130,
620590,
465240,
443810,
24880,
12150,
3540,
2598020,
2307350,
2264340,
2195410,
2128940,
2060160,
1944790,
1901910,
1749630,
1289380,
1138660,
1062960,
1049800,
952040,
728730,
682130,
592580,
541300,
383080,
234670,
64000,
44350,
2559270,
2438680,
2229890,
2229260,
2176130,
1850160,
1742020,
1737690,
1677770,
1677110,
1552550,
1282150,
1123830,
1114940,
1012790,
686200,
483330,
362490,
320240,
267530,
39200,
3371240,
3211690,
3062380,
2612700,
2396240,
2324650,
1554260,
1541020,
1529570,
1495320,
1494460,
1453490,
1291340,
1282590,
1281800,
1201270,
1088150,
1062160,
866020,
823500,
818320,
707710,
628140,
554620,
50300,
41010,
2795000,
2534120,
2490990,
2442460,
2318310,
2238180,
2198510,
1883800,
1624540,
1574240,
1450080,
1380910,
1233570,
977880,
819030,
733340,
694130,
648410,
611660,
466130,
263540,
259810,
13560,
3157850,
2542860,
2499470,
2423300,
2257010,
2001070,
1967430,
1939970,
1883000,
1594940,
1433990,
1275890,
1213670,
1162650,
821250,
576770,
528230,
230030,
34000,
25800,
7610,
3170540,
3083300,
2976870,
2905970,
2905170,
2638560,
2473480,
2455140,
2213190,
2051120,
2013240,
1995890,
1961950,
1898290,
1760250,
1754870,
1482910,
1379130,
1295920,
1004750,
965680,
833360,
719730,
674500,
602920,
542750,
436670,
399810,
227860,
208140,
3415000,
3132990,
3016840,
2857880,
2299740,
1680880,
1621070,
1382070,
1335830,
1329500,
1240630,
1238080,
1194630,
1083880,
816090,
699170,
689580,
628110,
625340,
505040,
480650,
435120,
423580,
331370,
246840,
63380,
33250,
21100,
2520410,
2475460,
2138250,
1893810,
1891440,
1745510,
1631080,
1546570,
1536070,
1392820,
1364960,
1242980,
1046480,
887800,
798420,
710230,
677160,
536220,
522230,
332570,
320430,
236600,
234080,
1640,
1630,
3426180,
3099020,
2732100,
2719200,
2614070,
2277320,
2102450,
1958220,
1887930,
1814010,
1803400,
1608230,
1540210,
1532690,
1511460,
1466060,
1455660,
1449200,
1389990,
1277940,
1216320,
1173800,
1069640,
930910,
657200,
528200,
372360,
333930,
323220,
304650,
70600,
20540,
3330280,
3168260,
3030580,
2876550,
2616460,
2397250,
2317640,
2147450,
2098790,
2020710,
1949220,
1765350,
1701380,
1453850,
1314820,
1150760,
977510,
802880,
728740,
503560,
434050,
421020,
290470,
260730,
235540,
217750,
72780,
13570,
3004100,
2830150,
2654470,
2504480,
2461850,
2332210,
2274120,
2099110,
1883260,
1810820,
1560250,
1457510,
1337970,
1092710,
860950,
857320,
844870,
743890,
609320,
606230,
574720,
455130,
442080,
425580,
405900,
331600,
310360,
222420,
39680,
33570,
7760,
2934770,
2749000,
2741560,
2467810,
2340870,
2081400,
1700300,
1619570,
1600530,
1580520,
1240590,
1127700,
998400,
882790,
798490,
785740,
698670,
586200,
438140,
391720,
350640,
312750,
290930,
280620,
223330,
219780,
39190,
10270,
6910,
3427660,
2838100,
2790330,
2708950,
2554670,
2529820,
2384610,
2310700,
2066750,
2010530,
1826980,
1712350,
1637730,
1623070,
1622900,
1289810,
1276790,
1275670,
1255980,
1182920,
1040730,
1000360,
847370,
606800,
435030,
429540,
416450,
358130,
345350,
314970,
239250,
63220,
40700,
12810,
3218600,
3099660,
2881860,
2870840,
2555430,
2441270,
2237970,
2216130,
2106840,
2056210,
1868180,
1739010,
1690730,
1566200,
1472560,
1455630,
1386730,
1265930,
1178160,
1136370,
1093910,
1060230,
936140,
764030,
754150,
742700,
671970,
467960,
464350,
294860,
234630,
209170,
29900,
22300,
3380740,
2928650,
2507640,
2491360,
2400770,
2314160,
2305840,
2274980,
1993150,
1901370,
1851330,
1477020,
1358750,
1291010,
1036240,
880850,
570780,
529180,
370240,
368230,
359510,
351970,
311240,
46500,
32330,
16450,
6220,
2700,
2812710,
2322440,
1610470,
1432320,
1368950,
1341200,
1196470,
1181830,
1156990,
1139940,
1135300,
1100990,
1096930,
1036640,
978520,
968250,
913550,
871170,
641080,
628100,
600480,
583950,
342180,
277590,
250760,
108800,
24670,
18500,
2875140,
2615670,
1835240,
1697460,
1502990,
1211600,
1184050,
1161590,
1069650,
1011810,
924980,
872570,
730310,
617830,
600090,
598960,
558100,
550320,
512470,
485980,
471550,
400080,
397550,
271360,
251730,
2600,
1280,
3239270,
3106160,
3029830,
2919650,
2834110,
2731870,
2178990,
1876590,
1755910,
1579380,
1571440,
1446650,
1254130,
1238020,
1211630,
1045720,
1028860,
802890,
718560,
681590,
638510,
501590,
460870,
318020,
263280,
248610,
238750,
233800,
17585,
17515,
11480,
3830,
20,
3476660,
3259470,
2914480,
2230650,
2224640,
2111170,
2075720,
2024070,
1918040,
1574900,
1408720,
1274600,
1264250,
1261240,
1150530,
1147550,
1116960,
973600,
892420,
837510,
823550,
733070,
572410,
504370,
498240,
445190,
410970,
400910,
313340,
311730,
269470,
260430,
223830,
208480,
204030,
47870,
32360,
15380,
3426480,
3337600,
2823890,
2796340,
2699820,
2535770,
2434730,
2258770,
2235240,
1694430,
1663220,
1644940,
1597310,
1374840,
1304680,
1140270,
853450,
814540,
797400,
596970,
568320,
330830,
314980,
239120,
222520,
41000,
24960,
17470,
3408020,
3147430,
2996570,
2865490,
2782610,
2649970,
2638370,
2552440,
2498570,
2336720,
2311680,
2266940,
2232840,
2206350,
1958390,
1710580,
1685750,
1646850,
1611070,
1607130,
1463920,
1336060,
1120320,
1092720,
1072500,
1066110,
889510,
858710,
855740,
675260,
673260,
612300,
438490,
420790,
365450,
347620,
335620,
280790,
245450,
203630,
34270,
19980,
3380,
1649010,
1566390,
1484720,
1423330,
1419160,
1260590,
998740,
895620,
871980,
690040,
685310,
593280,
462930,
420560,
342560,
281610,
215830,
130,
2381590,
2060130,
1985960,
1667400,
821880,
658920,
438640,
382030,
314430,
293260,
261430,
215280,
47790,
2354000,
2231010,
1792250,
1662210,
1515950,
1202200,
706990,
70010,
67370,
42910,
2582650,
2093920,
1981820,
1911390,
1863670,
1428820,
1373960,
1277920,
1133870,
1108370,
640380,
587970,
553640,
242700,
95400,
33910,
33120,
24740,
7520,
2634890,
2250600,
2183650,
2059790,
1880330,
1798010,
1627570,
1522160,
1493760,
1213740,
1199030,
1112790,
1061910,
389570,
312670,
292910,
265300,
221910,
215930,
45740,
2378620,
2228280,
1507190,
1411910,
1158370,
1143810,
1058770,
872820,
774241,
594330,
382560,
232050,
35700,
11450,
9340,
7670,
2758000,
2653790,
2178070,
1816300,
1808680,
1684170,
1545450,
1178830,
809140,
760060,
553540,
481510,
316010,
299740,
282350,
237990,
237110,
224760,
47400,
2807150,
2289970,
1715280,
1556200,
1123050,
1109680,
1083600,
849100,
785260,
420290,
334310,
332800,
328080,
250180,
238430,
207170,
2669410,
2290000,
2262770,
1939560,
1894430,
1789480,
1766740,
1716120,
1603180,
1451810,
1386780,
1273710,
787810,
773951,
742120,
599460,
573120,
539720,
418670,
383270,
356040,
311290,
261020,
214340,
57740,
2381620,
1979440,
1584940,
1489630,
1406990,
1402480,
1176710,
1148150,
982290,
607890,
543460,
451020,
433530,
397950,
396750,
262280,
257170,
232770,
230230,
221540,
91310,
3188550,
3169620,
2994910,
2083160,
1748620,
1737340,
1661630,
1351630,
1075190,
973810,
616560,
562810,
559100,
405710,
289930,
255480,
228260,
2085000,
2067050,
1599330,
1570070,
1343240,
1266700,
970500,
893180,
696370,
591960,
501080,
368360,
321270,
28050,
2544090,
1798020,
1471410,
1390350,
1316230,
1097350,
873940,
671440,
546050,
503680,
243970,
241600,
228300,
49540,
1768280,
1573280,
1538570,
1480560,
1067850,
597220,
567780,
543900,
502800,
410110,
378720,
363680,
271240,
222750,
219830,
102500,
33220,
420,
2311190,
2291850,
2272900,
1712840,
1663040,
1592280,
1461810,
1368030,
1159290,
1110910,
1101190,
1073910,
999220,
991170,
958400,
943700,
921800,
845070,
817130,
755500,
637100,
552700,
507490,
504210,
498620,
324510,
300550,
290300,
252870,
221260,
24240,
380,
2878600,
2134770,
2095300,
2059530,
2012840,
1964360,
1849900,
1668690,
1264280,
1129540,
1009290,
464340,
433350,
408410,
393530,
320300,
301910,
202200,
65790,
57900,
3016760,
2657120,
2254740,
2166060,
2022670,
1949190,
1793030,
1731070,
1526520,
1136160,
803330,
790740,
671510,
651670,
557180,
456670,
270370,
258970,
233130,
218680,
41500,
34830,
33100,
12710,
1930,
3047030,
3040390,
1990110,
1939160,
1580780,
1448530,
1447000,
1222370,
1161490,
1145960,
1135810,
1087280,
916840,
571310,
426000,
397060,
360170,
322520,
282210,
257850,
107100,
32460,
6000,
3054610,
2536840,
2485640,
2455060,
2272420,
1955960,
1895130,
1732190,
1565140,
960690,
914010,
814000,
760650,
722060,
629910,
574980,
571260,
459160,
335670,
281640,
227100,
39690,
8850,
1902710,
1591530,
1482620,
1325400,
1148590,
1013140,
824550,
619330,
491530,
473690,
440650,
400740,
346940,
226700,
225420,
225260,
21980,
17460,
3341250,
2965660,
2693060,
2514960,
2497920,
2078450,
1933650,
1836120,
1746930,
1624110,
1615290,
1449070,
1426050,
1418870,
1191120,
1177970,
1133760,
1126310,
1059990,
1035120,
1005300,
952540,
759740,
667720,
578310,
400170,
375950,
333950,
326990,
260210,
248820,
102600,
1830840,
1747760,
1726130,
1472660,
1000010,
768520,
609150,
515220,
444940,
386620,
366760,
345180,
326410,
323850,
322190,
317470,
255220,
252410,
206500,
73010,
32800,
2608350,
2088250,
1882500,
1877020,
1850960,
1689910,
1679220,
1092660,
1040420,
913740,
732050,
700030,
633460,
622220,
607050,
427920,
353640,
272510,
250400,
233290,
224580,
219640,
207350,
50620,
23310,
2488510,
2293600,
2287330,
2171630,
2127010,
1769420,
1612770,
1574260,
1519350,
1038250,
952070,
602520,
442070,
238210,
220260,
215530,
208500,
65930,
2659900,
2353760,
2348120,
2151580,
1996430,
1978590,
1761270,
1492070,
1433570,
1348300,
1330460,
1159420,
1158980,
1035510,
1030210,
867290,
704230,
661130,
610180,
525920,
482750,
460810,
455980,
407530,
351510,
316790,
282900,
280160,
256290,
202170,
42890,
2901520,
2854290,
2757330,
2551500,
1956040,
1665190,
1590760,
1552350,
1473250,
1286350,
1157220,
965230,
939520,
851100,
816020,
703860,
636360,
557400,
399420,
375960,
305260,
235380,
226580,
213850,
55100,
32500,
12500,
2870,
3015610,
2671970,
2527390,
2233120,
2201710,
2061150,
1902490,
1682060,
1538970,
1485590,
1426440,
1149440,
1075740,
937170,
620790,
586350,
567980,
535260,
388090,
288570,
275530,
218640,
98800,
13210,
3127650,
3022740,
2581050,
2408310,
2383120,
1919040,
1918680,
1777620,
1334040,
1330470,
1269370,
1161170,
979070,
911430,
765810,
695290,
632200,
598700,
506840,
474750,
438740,
402560,
265610,
241910,
233980,
22600,
17500,
2996990,
2570630,
2287520,
1981570,
1691190,
1619520,
1534840,
1282410,
1137460,
1097200,
931500,
702890,
581200,
511470,
417860,
414740,
356650,
351920,
312780,
239840,
234650,
61700,
12750,
2667970,
2458560,
2360210,
2328540,
2157680,
2022270,
1952370,
1815570,
1623880,
1541840,
1409830,
1305420,
1239020,
1114220,
1049890,
894940,
588040,
585690,
495560,
432410,
399230,
289420,
268130,
237930,
237630,
236090,
23490,
3101720,
3066470,
2499800,
2343600,
2262080,
2093910,
1944570,
1904860,
1494420,
1371720,
1329880,
1294810,
1276800,
1227280,
1191840,
1160920,
1111460,
950670,
900270,
557340,
530070,
493540,
436520,
421040,
397460,
388210,
384190,
291860,
210770,
91700,
58610,
46510,
17300,
2845270,
2845250,
2510710,
2223840,
2057550,
1985690,
1658290,
1345890,
1324340,
1304510,
1290330,
1069690,
953880,
928960,
895950,
813000,
735850,
603750,
587520,
566440,
562860,
553310,
550010,
420110,
408900,
393100,
357070,
353270,
324310,
313010,
286570,
266510,
240320,
233720,
219890,
70400,
8600,
3028500,
2919560,
2826800,
2719150,
2400340,
2294130,
2130460,
2088160,
2004320,
1578860,
1570330,
1414850,
1306630,
1293160,
1196600,
1167450,
1148650,
915810,
774461,
723330,
666220,
624120,
593150,
575680,
533540,
529420,
487120,
421050,
419480,
391040,
329130,
312990,
268870,
245490,
225080,
222730,
22000,
630,
3070500,
2708450,
2313020,
2295920,
2294450,
2230280,
1866880,
1593310,
1402110,
1347970,
1282690,
1194810,
1128000,
1104450,
824000,
742300,
650500,
628670,
555220,
515570,
508180,
493840,
484900,
404680,
400630,
360830,
344850,
344760,
306760,
271260,
247910,
247020,
245470,
243930,
240760,
239070,
224500,
204530,
107200,
72200,
70300,
3720,
3177970,
3076520,
3062930,
2233790,
1881420,
1589120,
1556100,
1351210,
1295270,
1239520,
1167140,
1129310,
1021100,
919370,
857980,
842180,
804010,
732370,
656240,
540190,
533780,
462770,
449800,
429060,
401870,
380360,
340170,
304730,
297130,
278970,
274940,
252450,
237850,
234710,
224480,
39160,
2532550,
2428770,
2292060,
2263010,
2196790,
2185780,
1833000,
1431610,
1233260,
1182620,
1038370,
841190,
836640,
835430,
654880,
637670,
637330,
506610,
502280,
493370,
411830,
299360,
275390,
273350,
259080,
221640,
34010,
3126470,
3067770,
2600600,
2305500,
2121360,
1996930,
1868000,
1761620,
1676130,
1661260,
1625080,
1569090,
1566410,
1502190,
1498040,
1456820,
1436120,
1397390,
1356280,
1254320,
1226510,
1214650,
1175460,
1109570,
1051690,
1025960,
843810,
831980,
758330,
636150,
622720,
562730,
546430,
486310,
466910,
454120,
435530,
434530,
427940,
402710,
398710,
361300,
360940,
351710,
339280,
338170,
308600,
298160,
264200,
262940,
252470,
250340,
239200,
232790,
214850,
208520,
205930,
203750,
105400,
96000,
20500,
3099520,
3063130,
2774380,
2647230,
2446550,
1950450,
1930600,
1844380,
1832640,
1776380,
1679290,
1471180,
1197570,
1175830,
1016600,
985830,
809720,
798510,
754890,
583470,
553790,
548720,
534370,
914690,
617710,
584100,
3046430,
325470,
438480,
343360,
360600,
1506810,
331670,
487370,
2216830,
542340,
518150,
473140,
467090,
345220,
634230,
473520,
15700,
1361000,
843660,
562520,
545580,
447820,
665360,
233840,
3062410,
596590,
1054430,
536750,
575920,
467370,
113020,
449680,
1928870,
306410,
1058650,
921590,
523660,
280640,
578590,
480430,
385400,
355180,
820520,
1520,
3048820,
1173550,
745330,
696170,
411370,
354140,
31280,
1236300,
200900,
94400,
57600,
2758540,
1866180,
1239300,
557970,
467310,
375900,
209660,
2760,
2903560,
1258780,
943380,
840800,
526580,
310470,
220160,
216250,
2017080,
1550180,
674750,
317360,
2675290,
2674810,
1849000,
1090630,
860020,
588160,
569860,
530620,
485460,
9930,
3065090,
2639810,
2149290,
1757490,
1504570,
817840,
392470,
3065170,
370910,
343710,
2076040,
448940,
285800,
1205550,
278360,
402390,
510840,
2075730,
395170,
1638720,
638070,
1584640,
1724660,
334210,
351940,
1385510,
490220,
209080,
813820,
1793660,
696790,
265590,
439190,
2074930,
572600,
2078890,
270550,
414460,
755790,
209670,
2429660,
444690,
1816670,
1619990,
245550,
2936120,
3016800,
1190340,
2156210,
1478540,
368420,
560380,
473650,
868270,
513780,
295110,
2448970,
576880,
1372880,
1401390,
319830,
2478210,
834150,
681660,
1015520,
205790,
584210,
1952120,
1531430,
1611740,
466660,
1035930,
388520,
252150,
308040,
1840560,
208090,
587790,
1079310,
323580,
576120,
412210,
251410,
301520,
569610,
447920,
323370,
1057240,
1364020,
797410,
1111030,
2943730,
459910,
203190,
2709440,
243870,
2087030,
444490,
2889840,
227940,
236150,
329000,
1260390,
1582170,
350470,
272350,
47900,
1419640,
1358820,
587830,
1418100,
385070,
3092450,
893030,
566060,
841860,
525300,
504490,
412290,
22350,
1183940,
489940,
2696030,
239220,
429470,
3054490,
567940,
224540,
2126550,
305050,
2781320,
1600360,
1674470,
3013470,
418070,
391660,
314700,
3050630,
2385860,
905370,
253980,
836620,
438020,
311860,
2407300,
2452260,
717690,
294040,
1886120,
303390,
648120,
255420,
2932930,
619340,
522210,
1006510,
2782530,
422250,
448630,
406090,
587210,
2989720,
647410,
227700,
513590,
347560,
24980,
269710,
2947380,
420970,
382120,
437220,
340820,
1530870,
963330,
809960,
224600,
528670,
364210,
565860,
513740,
544920,
601280,
1294660,
1216060,
1249800,
509000,
241560,
209870,
1671080,
495630,
394230,
1979310,
200110,
1077410,
506670,
506540,
626630,
259320,
473580,
279720,
339900,
562710,
555940,
927350,
298900,
1446850,
603780,
211050,
1843080,
438180,
550040,
215790,
630100,
247730,
873240,
473620,
444480,
546660,
222160,
1692190,
592490,
473500,
737010,
2674820,
413510,
252850,
2497550,
2107670,
242720,
1150080,
385080,
259360,
1008080,
1816570,
559200,
603770,
457930,
241540,
2526720,
495570,
448070,
585790,
1900,
2202770,
3056550,
3340750,
623280,
518800,
375760,
7530,
637310,
2370850,
33460,
254080,
218510,
253880,
380790,
603220,
2877160,
463150,
539700,
1677470,
409440,
501690,
568780,
1904230,
105430,
206610,
654990,
536930,
879160,
522570,
613010,
407510,
582430,
555440,
1934780,
728540,
3275500,
2654250,
224220,
231060,
3056880,
533620,
504130,
253860,
253920,
706220,
368750,
1829770,
444460,
389460,
364470,
428950,
279640,
102700,
363490,
399580,
331790,
50650,
342740,
384960,
503420,
543420,
2702360,
438030,
439700,
2245830,
99830,
223670,
254060,
493760,
259340,
271290,
552660,
412600,
407250,
327690,
550900,
602910,
1907700,
1173710,
2287610,
527750,
2119490,
595320,
63200,
488210,
567060,
602830,
486820,
104900,
797470,
400250,
2757350,
498660,
371690,
97330,
427270,
2687190,
1558640,
345920,
550890,
612430,
489220,
513570,
555760,
401560,
534500,
513610,
350280,
473630,
581350,
2802060,
788260,
17080,
272270,
253960,
17020,
582890,
467950,
91600,
513930,
355120,
206210,
1147660,
333250,
2089760,
264480,
304670,
583660,
57400,
349460,
574630,
236830,
279740,
575460,
17450,
504880,
596440,
397620,
553180,
1661320,
302830,
254100,
345520,
582280,
463210,
2642660,
1549180,
844630,
2107680,
1308380,
463830,
422100,
386280,
39800,
504980,
567000,
330840,
589390,
511340,
404890,
370100,
537090,
3432970,
1487410,
530700,
49400,
1366810,
253940,
2023760,
360850,
360970,
874240,
2430990,
304030,
232810,
42160,
449630,
253030,
377300,
423710,
94200,
376870,
545350,
614460,
1283220,
1834860,
256410,
332500,
201700,
463220,
893520,
562650,
310380,
1457080,
476480,
449220,
463710,
49470,
2814870,
301750,
385200,
318600,
976800,
929010,
335550,
1924490,
3057940,
293180,
537700,
500100,
605470,
222900,
732110,
1301210,
611360,
1587560,
591790,
3115590,
12900,
605510,
388160,
354850,
485830,
443940,
368900,
454200,
282560,
503430,
459510,
104700,
352550,
2391710,
1888340,
201570,
2129880,
627670,
463240,
595340,
825310,
628750,
13140,
553610,
406670,
462200,
585220,
360750,
395980,
2744150,
491650,
547960,
1856540,
487220,
416270,
2585120,
428900,
299460,
594640,
233250,
331710,
526290,
1056600,
601340,
412880,
515690,
1103950,
452780,
3145170,
760620,
608830,
231550,
1399780,
431270,
90530,
715400,
392870,
497240,
577890,
410590,
461910,
1094710,
635010,
437900,
381000,
432150,
2862610,
921630,
512020,
448050,
17710,
467000,
921530,
498840,
616030,
603090,
559500,
375230,
581710,
462030,
343440,
402170,
559940,
466840,
1037930,
1166580,
36630,
386870,
487420,
535760,
473560,
678990,
384490,
2764900,
392730,
377310,
494820,
1600520,
547860,
542280,
2170420,
840140,
533710,
212740,
214560,
376570,
532030,
568130,
40400,
402980,
454970,
42120,
1492330,
1086640,
634150,
603250,
578990,
340030,
281130,
1072120,
1286320,
496320,
496440,
512700,
351470,
307070,
956600,
659460,
450030,
1226470,
599990,
566670,
41300,
438010,
567220,
485350,
453980,
2321210,
551670,
640100,
1264670,
516700,
480780,
1099250,
2230070,
704580,
2452310,
623940,
620130,
7510,
503820,
606330,
2113430,
218130,
555100,
1490130,
400240,
544180,
491280,
3109050,
3057390,
1184140,
259510,
528660,
628580,
564980,
760760,
3095590,
302270,
368760,
202090,
636470,
368780,
369200,
365420,
556870,
18820,
395920,
405440,
1403370,
233740,
485490,
38830,
575090,
471230,
474830,
572010,
282880,
456980,
70000,
473510,
591080,
627950,
412170,
703940,
546090,
489240,
473640,
368770,
26500,
410210,
519190,
38700,
402220,
418000,
453820,
614660,
434610,
368590,
447850,
612510,
952440,
623550,
437890,
365310,
3090980,
462110,
386800,
770720,
236370,
539750,
391560,
454690,
96100,
432990,
355840,
2981610,
1121910,
604140,
1106750,
431860,
464760,
344260,
349440,
432280,
554770,
63700,
513340,
349700,
454890,
2129490,
576810,
585750,
485310,
261110,
15520,
522050,
473470,
2493100,
512410,
2050860,
486150,
3066830,
501840,
327070,
475430,
557260,
1786200,
329950,
581100,
325600,
302310,
45000,
18700,
380120,
419270,
460660,
587590,
287680,
49600,
424170,
618630,
587710,
496870,
508760,
1033410,
444290,
981890,
398970,
334040,
513650,
404590,
489580,
572230,
449200,
364690,
564520,
25700,
314250,
576130,
221020,
2181930,
2699000,
545470,
444220,
290790,
269430,
853380,
533120,
450860,
109410,
513630,
420740,
1271140,
474050,
528080,
1849610,
589430,
907270,
525190,
356880,
568810,
391070,
38720,
508290,
408110,
601650,
286940,
848010,
263440,
500440,
221080,
521930,
576730,
604780,
528510,
303720,
447880,
382940,
1743770,
621150,
619220,
509220,
2076350,
295650,
628340,
557790,
586600,
568200,
237890,
2400,
457710,
228400,
1044450,
344750,
1618540,
439350,
567680,
999730,
382490,
47830,
632350,
36620,
1282940,
509840,
462370,
835860,
365400,
392050,
361800,
496500,
385630,
236450,
304530,
1634500,
203850,
806140,
343270,
815940,
555710,
2209150,
546340,
1048540,
1195460,
448470,
567600,
308000,
619890,
1887240,
457940,
342970,
402570,
577460,
531520,
754120,
467120,
501900,
2451740,
463050,
399790,
448560,
496750,
389270,
540900,
475220,
593670,
490980,
537280,
604900,
404850,
495120,
1692200,
528170,
533820,
454460,
2685620,
636700,
242570,
485440,
414530,
2572270,
487270,
576310,
432020,
1523370,
265360,
1287290,
631910,
1587070,
613250,
207230,
545560,
585940,
606140,
315330,
1888430,
511160,
289690,
588710,
551500,
458030,
284950,
513720,
603370,
508820,
672860,
306830,
544330,
1220840,
355020,
525460,
340650,
508840,
582580,
341310,
574640,
494120,
3069530,
595460,
636370,
508630,
330350,
507400,
108700,
604200,
457820,
699920,
3153190,
427610,
35460,
370170,
321400,
578260,
416170,
546450,
1686820,
109400,
418340,
586960,
448640,
607270,
2285570,
467010,
581620,
466860,
204080,
525290,
537360,
431710,
556280,
362400,
687850,
536490,
514970,
113900,
529760,
619400,
1349030,
485420,
601180,
344230,
575780,
2572370,
1426730,
41800,
566220,
2887520,
396160,
375510,
543770,
99810,
205230,
398590,
227520,
1430190,
439250,
29800,
581800,
264240,
529920,
2124420,
574820,
644570,
535290,
534960,
225600,
93200,
590870,
285010,
488200,
368710,
329380,
1100830,
1368430,
55040,
2774830,
563120,
595640,
576050,
469730,
388660,
575000,
383580,
404770,
513600,
3083200,
550670,
428430,
596870,
220660,
610120,
1194930,
599750,
535230,
431750,
508140,
548710,
1487390,
555700,
554530,
391460,
680360,
503900,
394540,
236730,
536340,
492240,
491080,
96300,
541180,
1108320,
436530,
24400,
629380,
296870,
1267470,
992640,
580910,
505440,
605500,
449300,
485730,
751610,
555000,
218410,
107900,
451880,
12220,
602890,
226620,
417430,
399270,
586790,
557580,
321950,
1395560,
564990,
562600,
527790,
310700,
492830,
769920,
581340,
298600,
576410,
390970,
599090,
1067170,
512640,
371200,
537200,
503320,
512160,
344740,
485740,
550810,
385830,
633350,
509990,
420210,
350810,
521230,
444790,
3217940,
542930,
542430,
521430,
371210,
511680,
403900,
200010,
391420,
383330,
601010,
596650,
485330,
538590,
348740,
546980,
575700,
591560,
562240,
448830,
290650,
631530,
497050,
235340,
448780,
1258320,
335900,
619520,
540310,
350710,
502100,
493650,
205890,
1726400,
264060,
599880,
523230,
391130,
611780,
1425250,
485950,
421170,
398070,
301200,
343690,
561340,
622530,
503220,
434780,
533180,
443680,
212390,
2215490,
397700,
362610,
416040,
633080,
2319030,
487720,
374830,
4550,
2287920,
1198730,
303510,
15540,
581840,
586400,
346500,
858890,
3165720,
470450,
628570,
578180,
365110,
449540,
591950,
575630,
540020,
414080,
547710,
450110,
427930,
344130,
850910,
1722080,
502140,
556110,
499420,
339860,
344040,
568720,
558810,
378850,
500980,
473710,
910490,
545700,
244930,
530550,
509110,
1367020,
3174640,
581600,
396850,
2155120,
2721600,
20820,
568860,
449120,
587810,
586620,
485410,
568500,
214420,
252670,
97000,
546200,
586380,
581670,
290140,
1292790,
555670,
636400,
745740,
223390,
578250,
291170,
283000,
1144770,
1477060,
944220,
524030,
292570,
357900,
1717990,
617330,
1620690,
3022810,
503830,
522010,
376730,
851800,
586530,
541370,
44310,
605530,
581010,
581000,
449170,
431740,
397530,
940540,
206190,
657730,
369000,
544310,
215470,
1651960,
2163090,
477290,
461570,
251990,
234310,
606750,
603860,
389700,
2510720,
263980,
91900,
13250,
619080,
807140,
3283250,
1456940,
530860,
431930,
557680,
393430,
364050,
246280,
416290,
823950,
415960,
364910,
2112280,
400510,
275470,
858460,
381640,
378270,
486020,
1692070,
502400,
407230,
439550,
1223840,
365170,
774091,
202130,
385150,
3094310,
332480,
513230,
2382260,
595780,
2067100,
17700,
398920,
288060,
364370,
1144250,
620310,
453830,
768750,
3085950,
385730,
1293230,
526790,
618610,
529900,
405970,
348450,
2334220,
589490,
866510,
333740,
2708280,
339120,
557190,
610670,
595440,
555660,
385020,
310,
1759380,
1239260,
580560,
586970,
45300,
625370,
516230,
567170,
285050,
3012370,
233630,
487700,
432470,
1706820,
15500,
1349040,
531920,
423720,
964470,
950100,
322850,
300080,
605910,
462960,
1334590,
664430,
575770,
390670,
2473490,
603360,
584800,
2320950,
429570,
224060,
1929870,
656600,
403560,
1782570,
533340,
635000,
707830,
455000,
683830,
539460,
400370,
401190,
416080,
2219210,
593880,
446640,
17510,
517190,
485390,
409420,
38600,
3011460,
399000,
412730,
611960,
423920,
346290,
1173280,
375010,
252130,
408760,
553340,
501800,
602170,
291410,
515470,
338390,
414920,
724970,
240460,
223650,
388870,
249650,
628420,
581720,
541380,
485430,
2193440,
514460,
591530,
576540,
391260,
3253440,
605220,
743090,
538660,
223160,
1420350,
375320,
575580,
454150,
539440,
380580,
575860,
397500,
491250,
443030,
585580,
512550,
221810,
44320,
1300920,
546380,
2743080,
1251300,
840260,
243950,
220860,
205910,
528700,
1368910,
496640,
338050,
512770,
527490,
449530,
618140,
501480,
523150,
2841350,
504730,
2125790,
454220,
414580,
339400,
473540,
446150,
2101000,
554330,
434460,
313020,
600450,
292410,
1913730,
293880,
2321720,
933070,
437180,
1190110,
622630,
388960,
227480,
628840,
488480,
396360,
620240,
969680,
385270,
1865370,
278460,
318100,
424830,
3076350,
398680,
318220,
546400,
360890,
1725250,
346780,
950740,
581980,
604010,
434250,
522090,
1913210,
579150,
1120810,
1097810,
490880,
909510,
348020,
2273170,
420850,
1711610,
536040,
1905910,
619700,
567290,
424000,
343930,
628760,
438000,
485580,
99890,
21170,
488580,
113420,
216390,
391120,
874400,
406210,
201760,
264140,
935270,
588100,
1239430,
458600,
268420,
51100,
338530,
2313250,
271640,
375520,
307880,
98200,
329830,
523790,
3064270,
281060,
1364930,
535400,
608800,
493730,
2954600,
2427520,
546930,
570500,
297810,
399910,
453850,
368990,
519890,
517010,
477980,
237870,
585720,
776960,
463670,
575140,
461880,
410380,
2790800,
111400,
2935730,
547470,
604040,
232450,
566090,
409350,
545650,
364890,
62100,
520720,
608990,
602220,
321030,
436180,
562590,
449960,
458900,
530540,
543780,
487330,
1140440,
283880,
2581500,
521830,
371460,
452230,
491260,
286200,
284180,
537860,
690530,
430080,
587050,
492130,
205950,
397980,
1108750,
2111860,
569290,
576480,
406970,
322780,
293320,
1024380,
375680,
335210,
2328310,
407000,
332790,
293560,
285130,
505210,
2803000,
498700,
363610,
603290,
1124660,
327680,
780800,
618840,
354640,
289090,
201190,
217140,
58520,
507360,
298520,
332070,
362300,
294750,
370050,
596350,
258700,
234530,
892520,
380560,
551110,
448440,
967250,
1348730,
597990,
97100,
24500,
70110,
585950,
482890,
545320,
534560,
351160,
231330,
3238740,
1679320,
493820,
2412890,
1157340,
414290,
266050,
562270,
568450,
1319780,
302320,
527810,
508670,
484830,
613900,
296930,
435800,
546990,
366890,
508960,
1209040,
2714970,
552780,
321920,
288040,
610660,
507380,
394870,
344880,
604570,
72400,
448660,
268750,
1549030,
334300,
578440,
384950,
603030,
502910,
431990,
416370,
247950,
1480370,
635880,
566990,
597230,
575130,
515310,
286000,
521630,
497350,
628490,
574850,
596810,
571870,
479130,
376300,
3064010,
286120,
582480,
418270,
280140,
616360,
1195290,
361190,
260410,
209710,
92800,
1337120,
409340,
271570,
1619270,
625950,
214190,
252030,
541920,
567160,
214360,
612290,
584780,
526460,
1443350,
449940,
338840,
2507980,
588920,
391140,
513530,
357290,
581690,
347830,
216890,
366440,
455710,
617240,
588210,
91200,
551730,
542880,
277950,
454180,
251530,
543790,
261180,
214870,
628850,
566560,
382080,
1731720,
382240,
656610,
456660,
416060,
469890,
542972,
1770080,
513540,
247120,
33440,
98300,
13180,
1072710,
451830,
370510,
606050,
267550,
955050,
3077280,
346950,
1085750,
494660,
619780,
485870,
464960,
412150,
354860,
512450,
211360,
1132210,
445170,
282100,
2881230,
1517960,
611530,
585550,
577740,
334070,
385240,
581820,
2281360,
1566880,
339820,
567280,
618030,
238910,
581050,
575330,
257830,
1025580,
634340,
910320,
504770,
1695900,
604150,
3105760,
649780,
588240,
96400,
513510,
342640,
1801650,
4540,
328500,
607210,
545950,
380700,
632050,
540860,
551080,
307350,
352460,
292370,
386110,
298240,
527770,
594720,
585020,
55110,
774941,
433210,
265380,
1181840,
571020,
3073460,
448500,
2933700,
12840,
70100,
387840,
405950,
603000,
551930,
303910,
392820,
603060,
296050,
1779990,
1914580,
589640,
649190,
610730,
1075950,
444410,
1394800,
383030,
599100,
430440,
359560,
252170,
434220,
536410,
346670,
461890,
684580,
481600,
1805360,
1173220